1000
0.001;0,1,2,3,4,5,6,7,8,9,13,11,12,10,14,15,16,17,19,18
0.002;19,1,2,3,4,5,6,7,8,9,13,11,12,16,14,15,10,17,0,18
0.003;19,1,2,10,4,5,6,7,8,9,11,13,12,16,14,15,3,17,0,18
0.004;11,1,18,10,4,5,6,7,8,9,19,13,12,16,14,15,3,17,0,2
0.005;11,1,18,10,15,5,6,7,8,9,19,13,12,16,14,0,3,17,4,2
0.006;11,1,18,10,12,5,6,7,8,9,19,13,15,16,17,0,3,14,4,2
0.007;11,1,18,10,12,5,6,7,8,9,16,13,15,19,14,0,3,17,4,2
0.008;11,1,18,10,12,5,6,15,8,9,16,13,7,19,0,14,3,17,4,2
0.009;11,1,18,10,12,5,4,15,8,14,16,13,7,19,0,9,3,17,6,2
0.01;11,4,18,10,12,5,1,15,8,14,16,13,7,19,0,6,3,17,9,2
0.011;11,4,18,10,12,5,14,15,8,1,16,17,7,19,0,6,3,13,9,2
0.012;11,4,18,3,12,5,14,15,8,1,16,17,7,19,0,6,10,13,2,9
0.013;11,4,8,3,12,5,14,15,18,1,16,17,7,19,6,0,10,13,2,9
0.014;11,4,8,3,6,5,14,15,18,1,16,17,13,19,12,0,10,7,2,9
0.015;11,4,8,3,6,5,14,15,18,1,16,12,13,19,17,0,10,7,9,2
0.016;11,4,0,3,6,5,14,15,18,1,16,12,13,17,19,8,10,7,9,2
0.017;11,4,17,3,6,5,14,15,18,1,16,12,13,0,9,8,10,7,19,2
0.018;11,4,17,3,6,18,14,15,5,1,16,12,13,0,9,8,2,7,19,10
0.019;11,4,17,3,6,13,14,15,5,1,16,12,18,0,9,8,10,7,19,2
0.02;11,4,17,15,6,13,14,3,5,19,16,12,18,0,9,8,10,7,1,2
0.021;11,4,17,15,6,13,14,3,5,16,19,12,18,9,0,8,10,7,1,2
0.022;3,4,19,15,6,13,14,11,5,16,17,12,18,9,0,8,10,7,1,2
0.023;3,4,19,15,6,2,14,11,5,16,17,12,18,9,0,8,10,7,13,1
0.024;3,4,19,15,6,2,14,11,5,0,17,12,18,9,16,8,7,10,13,1
0.025;3,4,19,15,6,13,14,11,5,0,17,12,18,7,16,8,9,10,2,1
0.026;3,4,19,15,6,13,14,11,5,0,17,1,18,7,16,2,9,10,8,12
0.027;3,4,9,15,6,13,14,11,5,0,17,1,18,7,16,2,19,10,12,8
0.028;3,4,9,15,6,0,1,11,5,13,17,14,18,7,16,2,19,10,12,8
0.029;3,4,9,15,6,0,1,11,5,13,17,14,18,8,16,2,19,7,12,10
0.03;3,4,9,15,6,0,17,11,5,13,1,14,18,8,16,2,19,7,10,12
0.031;3,4,9,15,6,0,17,11,5,13,1,14,7,8,16,2,19,18,12,10
0.032;3,4,9,15,6,19,17,11,5,13,0,14,7,8,16,2,1,18,12,10
0.033;3,4,19,15,6,9,17,11,5,13,0,14,7,8,16,2,1,12,18,10
0.034;3,4,19,15,6,9,17,11,1,13,0,14,7,8,10,2,5,12,18,16
0.035;3,4,9,15,6,19,17,11,1,13,0,14,7,8,12,2,5,10,18,16
0.036;3,4,13,15,6,19,17,11,1,9,0,10,7,8,12,2,5,14,18,16
0.037;3,15,13,4,6,19,17,11,1,9,0,10,18,8,12,2,5,14,7,16
0.038;3,15,13,4,6,19,17,11,1,9,0,10,18,7,12,2,5,8,14,16
0.039;3,15,13,4,6,19,17,9,1,11,0,10,18,7,12,2,5,16,14,8
0.04;3,15,13,4,6,19,17,9,1,11,0,10,18,7,12,2,16,5,8,14
0.041;3,15,13,4,6,19,17,9,1,11,0,10,18,5,12,2,7,16,8,14
0.042;3,15,13,4,0,5,17,9,1,11,6,10,18,19,12,2,7,16,8,14
0.043;18,15,13,4,0,5,17,9,1,11,8,10,3,19,12,2,7,16,6,14
0.044;18,15,13,4,0,5,17,9,1,11,8,10,12,19,7,2,3,16,6,14
0.045;18,15,0,4,13,17,5,9,1,11,8,10,12,19,7,2,3,16,6,14
0.046;18,15,0,1,13,17,5,6,4,11,8,10,12,19,7,2,3,16,9,14
0.047;18,15,12,1,13,17,5,4,6,11,8,10,0,19,7,2,3,16,9,14
0.048;18,15,12,1,13,16,5,4,6,11,8,10,0,3,7,2,19,17,9,14
0.049;18,15,12,1,13,7,5,4,6,9,8,10,0,3,16,2,19,17,11,14
0.05;18,15,12,0,13,7,5,4,6,9,8,14,1,3,16,2,19,17,11,10
0.0509;18,17,12,0,13,7,5,15,6,9,8,14,1,3,16,2,19,4,11,10
0.0519;18,17,12,0,13,7,5,15,6,3,9,14,1,8,16,2,19,4,11,10
0.0529;18,17,12,0,13,7,5,15,6,3,9,14,1,19,16,2,8,11,4,10
0.0539;18,17,12,0,13,6,5,15,7,3,9,14,1,19,16,2,8,4,11,10
0.0549;18,3,12,0,13,6,5,15,7,17,9,14,1,19,16,2,8,10,11,4
0.0559;18,3,12,14,13,6,5,15,7,17,9,0,1,19,16,2,8,4,11,10
0.0569;18,3,2,5,13,6,14,15,7,17,9,0,1,19,16,12,8,4,11,10
0.0579;18,3,2,5,13,6,4,12,7,17,9,0,1,19,16,15,8,14,11,10
0.0589;18,3,2,5,13,6,4,12,7,17,16,0,1,15,9,19,8,14,11,10
0.0599;18,3,2,5,13,6,4,12,7,17,16,15,1,0,9,19,8,10,11,14
0.0609;18,3,2,5,13,7,4,12,6,0,16,15,1,17,9,19,8,10,11,14
0.0619;18,3,2,10,13,7,4,12,6,0,16,15,1,17,9,11,8,5,19,14
0.0629;18,3,2,10,13,7,4,9,6,0,16,15,1,17,14,11,8,5,19,12
0.0639;18,3,2,10,13,7,4,9,6,0,16,5,19,17,14,11,8,15,1,12
0.0649;18,3,2,10,13,7,4,1,6,0,16,5,19,17,15,11,8,14,9,12
0.0659;18,3,2,10,13,11,4,1,6,0,9,5,19,17,15,7,8,14,16,12
0.0669;4,1,2,10,13,11,18,3,6,0,9,5,19,17,15,7,8,14,16,12
0.0679;4,1,2,10,13,11,7,3,6,0,9,5,19,17,15,18,8,12,16,14
0.0689;4,1,2,10,13,11,17,3,6,0,12,5,19,7,15,18,8,9,16,14
0.0699;4,1,2,10,13,11,17,3,6,0,12,5,19,7,15,8,18,9,14,16
0.0709;4,1,2,10,13,11,17,8,6,0,12,5,7,19,15,3,18,9,14,16
0.0719;4,1,2,10,13,12,17,8,6,0,11,19,7,5,15,3,18,9,14,16
0.0729;4,1,2,10,13,12,17,8,6,0,11,19,7,3,15,5,18,16,14,9
0.0739;4,1,2,10,13,12,17,11,6,0,8,19,7,3,9,5,18,16,14,15
0.0749;4,1,2,10,13,12,17,11,6,19,8,0,18,3,9,5,7,16,14,15
0.0759;4,1,2,10,13,12,17,11,6,19,8,0,14,9,3,5,7,16,18,15
0.0769;4,1,2,10,13,12,17,11,6,19,8,0,14,9,3,16,7,15,18,5
0.0779;4,1,2,10,13,12,17,11,6,14,8,5,19,9,3,16,7,15,18,0
0.0789;4,1,2,10,13,12,19,11,6,14,8,5,17,9,3,16,7,18,15,0
0.0799;4,8,2,10,13,12,19,11,6,14,1,5,17,9,3,16,7,15,18,0
0.0809;4,8,2,10,13,17,19,11,6,14,1,3,12,9,5,16,7,15,18,0
0.0819;4,8,2,10,13,14,11,19,6,17,1,3,12,9,5,16,7,15,18,0
0.0829;4,8,2,10,13,14,11,19,0,17,1,3,12,9,5,16,7,18,15,6
0.0839;16,8,2,10,13,14,11,19,4,17,1,3,12,9,5,0,7,18,15,6
0.0849;16,8,2,10,13,11,14,19,5,17,1,3,12,9,4,0,7,18,15,6
0.0859;16,8,2,10,13,11,14,19,5,17,1,9,12,3,4,0,15,18,7,6
0.0869;16,8,2,10,13,11,14,19,6,17,1,7,12,3,4,0,15,18,9,5
0.0879;16,8,15,10,13,11,18,19,6,17,1,7,12,3,4,0,2,14,9,5
0.0889;16,8,15,10,13,11,18,19,6,17,1,7,12,14,9,0,2,3,4,5
0.0899;13,8,15,10,16,11,18,3,6,17,1,7,12,14,9,0,2,19,4,5
0.0909;13,8,15,10,16,11,18,3,6,5,1,7,12,14,9,0,19,2,4,17
0.0919;1,8,15,10,16,2,18,3,6,5,13,7,12,14,9,0,19,11,4,17
0.0929;1,8,9,10,16,2,18,3,6,5,13,0,12,14,15,7,19,11,4,17
0.0939;1,8,9,10,16,2,18,3,6,5,13,0,12,14,15,19,7,17,4,11
0.0949;1,8,9,10,16,2,18,5,6,3,13,0,12,14,15,19,7,4,17,11
0.0959;1,8,9,10,16,2,18,5,6,3,13,0,12,14,7,11,15,4,17,19
0.0969;1,8,9,10,16,2,18,5,6,3,13,7,12,14,4,11,15,0,17,19
0.0979;1,8,9,12,16,2,18,5,6,3,13,7,10,14,11,4,15,0,17,19
0.0989;1,8,9,12,16,2,18,5,6,3,13,7,10,14,19,4,11,0,17,15
0.0999;1,8,9,12,16,2,18,5,6,4,13,7,10,14,19,3,15,0,17,11
0.1009;1,8,9,12,16,2,18,5,7,4,13,6,11,14,19,3,15,0,17,10
0.1019;1,8,9,12,16,15,18,4,7,5,13,6,11,14,19,3,2,0,17,10
0.1029;1,8,9,12,16,15,18,19,7,10,13,6,11,14,4,3,2,0,17,5
0.1039;1,8,9,12,16,15,18,7,19,10,0,6,11,14,4,3,2,13,17,5
0.1049;1,8,9,12,5,15,17,7,19,10,0,6,11,14,4,3,2,13,18,16
0.1059;1,8,3,12,5,15,17,7,19,10,0,6,11,14,4,13,2,9,18,16
0.1069;1,8,3,12,13,15,17,7,19,10,18,6,11,14,4,5,2,9,0,16
0.1079;1,8,3,12,13,15,17,14,19,10,18,11,6,7,4,5,2,9,0,16
0.1089;1,8,4,12,13,15,17,14,19,10,18,11,6,3,7,5,2,9,0,16
0.1099;1,8,12,4,13,15,17,14,2,10,18,11,6,3,7,5,19,9,0,16
0.1109;1,8,12,4,13,15,17,14,2,10,18,11,6,3,9,5,19,0,7,16
0.1119;1,8,12,4,13,15,17,14,2,10,18,11,7,3,9,5,19,6,0,16
0.1129;19,8,12,4,13,15,17,14,11,10,18,2,7,3,9,5,1,6,0,16
0.1139;11,8,3,4,13,15,17,14,19,10,18,2,7,12,9,5,1,6,0,16
0.1149;11,8,3,4,13,15,2,14,19,10,18,17,12,7,9,5,1,6,0,16
0.1159;19,8,3,4,13,15,2,14,11,10,18,17,12,7,1,5,9,6,0,16
0.1169;19,6,3,4,13,15,2,14,11,10,18,17,12,7,1,5,9,8,16,0
0.1179;19,6,3,4,13,15,2,14,11,10,18,12,17,7,16,5,9,8,1,0
0.1189;19,6,3,4,10,5,2,14,11,13,18,12,17,7,16,15,9,8,1,0
0.1199;9,6,3,4,10,5,2,14,11,13,7,12,17,18,16,15,19,8,1,0
0.1209;19,6,3,4,10,5,0,14,11,13,7,12,17,18,16,15,9,8,1,2
0.1219;19,6,3,4,10,5,0,14,11,13,7,12,17,18,16,8,1,15,9,2
0.1229;19,6,3,4,10,5,0,16,11,13,7,12,17,18,14,8,15,1,9,2
0.1239;19,6,3,14,10,5,0,16,11,13,7,12,17,18,4,8,9,1,15,2
0.1249;19,6,3,14,10,5,0,16,11,13,7,8,17,18,4,12,9,1,2,15
0.1259;19,6,3,14,10,5,0,16,11,13,7,8,17,18,4,15,9,2,1,12
0.1269;19,6,3,14,10,5,0,16,11,18,7,8,17,13,12,15,9,2,1,4
0.1279;19,6,3,14,10,5,0,16,11,18,7,4,17,9,12,15,13,2,1,8
0.1289;19,6,3,8,10,5,0,16,11,18,7,4,17,9,12,15,13,2,14,1
0.1299;19,6,3,8,2,5,0,16,11,18,7,4,17,9,12,15,13,1,14,10
0.1309;19,6,3,8,2,5,9,16,11,18,7,13,17,0,12,15,4,1,14,10
0.1319;19,6,3,16,2,5,9,8,17,18,7,13,11,0,12,15,4,1,14,10
0.1329;19,6,3,16,8,5,9,2,17,18,7,13,11,0,15,12,4,1,14,10
0.1339;19,2,11,16,8,5,9,6,17,18,7,13,3,0,15,12,4,1,14,10
0.1349;19,2,11,16,8,5,18,6,17,9,7,13,3,10,15,12,4,1,14,0
0.1359;19,2,11,16,15,5,18,6,17,9,7,13,3,10,8,12,14,1,4,0
0.1369;19,2,11,16,15,5,13,6,17,9,7,18,3,10,0,12,14,1,4,8
0.1379;19,2,11,16,1,5,13,6,17,9,7,18,3,15,0,12,14,10,4,8
0.1389;19,2,11,16,1,5,3,10,17,9,7,18,13,15,0,12,14,6,4,8
0.1399;19,2,11,16,1,13,3,10,17,9,7,18,5,15,0,12,14,4,6,8
0.1409;19,2,11,16,1,13,3,10,17,7,9,8,5,15,0,12,14,4,6,18
0.1419;19,2,11,16,1,13,3,10,17,7,9,0,5,12,8,15,14,4,6,18
0.1429;19,2,11,17,1,13,3,10,16,12,9,0,5,7,8,15,14,4,6,18
0.1439;19,2,11,17,1,13,5,10,16,12,0,9,3,7,8,15,14,4,6,18
0.1449;19,2,11,17,6,13,5,10,16,12,0,9,3,7,8,14,15,4,1,18
0.1459;19,2,11,17,6,13,5,10,16,12,0,9,3,7,15,14,8,4,18,1
0.1469;19,2,11,17,6,13,0,10,16,12,5,9,3,7,15,14,8,1,18,4
0.1479;19,2,11,17,6,13,0,10,16,12,5,9,1,7,15,3,8,14,18,4
0.1489;19,2,11,7,6,13,0,10,16,12,5,9,1,17,14,3,8,15,18,4
0.1499;19,2,11,7,6,13,0,10,16,18,5,9,1,17,14,15,8,3,12,4
0.1508;19,2,7,11,14,13,0,10,16,18,5,9,1,17,6,15,8,3,12,4
0.1518;11,2,14,19,7,13,0,10,16,18,5,9,1,17,6,15,8,3,12,4
0.1528;11,2,14,19,7,13,0,10,16,18,5,9,1,17,6,15,4,8,12,3
0.1538;11,2,14,19,7,9,0,10,16,18,5,13,1,17,15,6,4,8,12,3
0.1548;11,2,14,19,7,9,0,16,10,12,5,13,1,17,15,6,4,8,18,3
0.1558;11,2,14,19,7,3,0,16,10,12,5,13,1,17,15,6,4,18,8,9
0.1568;11,2,14,19,7,3,0,15,10,12,5,6,1,17,16,13,4,18,8,9
0.1578;11,2,14,19,7,8,0,15,10,12,5,6,1,3,16,13,4,18,17,9
0.1588;11,2,14,19,7,8,0,15,10,12,17,6,1,18,16,13,4,3,5,9
0.1598;5,2,14,19,7,8,0,15,10,12,17,6,1,18,16,13,9,3,11,4
0.1608;1,15,14,19,7,8,0,2,10,12,17,6,5,18,16,13,9,3,11,4
0.1618;1,15,14,16,7,8,0,2,10,12,17,6,5,3,19,13,9,18,11,4
0.1628;1,4,14,16,7,8,0,2,10,12,17,15,5,3,19,13,9,18,11,6
0.1638;1,4,14,16,7,8,0,2,13,12,17,15,5,3,19,10,9,18,6,11
0.1648;1,4,14,16,10,8,0,2,13,12,17,15,5,3,19,6,9,18,7,11
0.1658;1,4,14,16,10,8,0,2,13,12,17,15,5,6,19,18,9,3,7,11
0.1668;1,4,10,16,14,8,0,2,13,12,17,15,5,6,19,9,18,3,7,11
0.1678;1,4,11,16,14,8,0,2,13,12,17,15,5,6,19,7,18,3,9,10
0.1688;9,4,11,16,14,8,13,2,0,12,17,15,5,6,19,7,18,3,1,10
0.1698;9,18,11,16,14,8,13,2,0,12,17,15,10,6,19,7,4,3,1,5
0.1708;9,18,11,16,14,8,13,2,0,12,19,15,10,6,17,7,4,3,5,1
0.1718;9,11,18,16,14,8,13,2,0,12,6,15,10,19,17,7,4,3,5,1
0.1728;9,11,18,16,15,8,13,2,0,12,6,14,10,19,5,7,4,3,17,1
0.1738;9,11,18,16,15,8,13,2,0,14,6,12,10,1,5,7,4,3,17,19
0.1748;9,11,18,16,15,8,13,2,0,14,6,1,10,12,5,7,4,3,19,17
0.1758;9,19,18,16,15,8,13,2,0,14,6,1,10,12,5,7,11,3,4,17
0.1768;9,19,18,16,15,8,13,2,0,14,6,1,11,12,5,7,10,4,3,17
0.1778;9,19,18,16,15,8,13,2,0,14,6,1,11,12,5,7,10,17,4,3
0.1788;9,19,18,16,15,8,13,2,0,14,6,1,11,10,5,7,4,17,12,3
0.1798;9,19,0,16,15,8,13,2,18,14,6,1,11,10,4,7,5,17,12,3
0.1808;5,19,0,16,15,8,13,2,18,14,6,1,11,10,4,7,3,17,12,9
0.1818;5,19,0,15,16,8,13,2,18,14,6,1,11,10,4,12,3,17,7,9
0.1828;5,19,0,15,16,8,13,2,18,7,6,1,11,10,4,12,14,17,3,9
0.1838;5,19,15,0,16,8,9,2,18,7,6,1,11,10,4,12,14,17,3,13
0.1848;5,13,15,0,16,8,9,2,18,7,6,1,12,10,4,11,14,17,3,19
0.1858;5,13,15,0,7,8,9,2,19,16,6,1,12,10,4,11,14,17,3,18
0.1868;5,13,15,0,7,8,9,6,19,16,2,1,12,10,4,11,14,17,18,3
0.1878;5,13,15,0,7,17,9,6,19,16,2,1,3,10,4,11,14,8,18,12
0.1888;5,13,15,0,14,17,9,1,19,16,2,6,3,10,4,11,7,8,18,12
0.1898;5,13,15,0,14,17,6,1,19,16,2,9,3,10,7,11,4,8,18,12
0.1908;5,4,15,0,14,17,6,1,19,7,2,9,3,10,16,11,13,8,18,12
0.1918;5,4,15,0,14,17,6,18,19,7,2,9,3,10,16,11,13,12,1,8
0.1928;5,4,15,0,14,17,6,18,8,7,2,10,3,9,16,11,13,12,1,19
0.1938;5,4,15,0,14,17,6,18,8,7,2,13,1,9,16,11,10,12,3,19
0.1948;5,4,15,0,14,17,6,18,8,12,2,13,1,9,19,11,10,7,3,16
0.1958;5,4,15,12,14,17,6,18,8,16,2,13,1,9,19,11,10,7,3,0
0.1968;5,4,15,12,17,14,6,18,8,16,2,13,7,9,19,11,10,1,3,0
0.1978;5,4,15,12,17,14,6,18,8,16,2,13,11,9,19,7,10,1,0,3
0.1988;5,4,7,12,17,14,6,18,11,16,2,13,8,9,19,15,10,1,0,3
0.1998;5,4,7,12,17,1,6,18,11,16,2,13,8,10,19,15,9,14,0,3
0.2008;5,4,7,18,14,1,6,12,11,16,2,13,8,10,19,15,9,17,0,3
0.2018;5,13,7,18,14,8,6,12,11,16,2,4,1,10,19,15,9,17,0,3
0.2028;5,17,7,18,14,8,6,12,11,16,15,4,1,10,19,2,9,13,0,3
0.2038;5,17,7,18,14,8,6,0,11,16,12,4,1,10,19,2,9,13,15,3
0.2048;5,17,7,12,14,13,6,0,11,16,18,4,1,10,19,2,9,8,15,3
0.2058;5,17,7,12,14,8,6,0,11,16,18,4,1,13,19,2,9,10,15,3
0.2068;5,17,7,12,15,8,4,0,11,16,18,6,1,13,19,2,9,10,14,3
0.2078;5,17,7,12,15,8,4,0,11,16,6,18,1,13,19,2,9,14,10,3
0.2088;5,2,7,12,15,8,4,0,11,16,9,18,1,13,19,17,6,14,10,3
0.2098;11,3,7,12,15,8,4,0,5,16,9,18,1,13,19,17,6,14,10,2
0.2108;11,3,7,4,15,8,12,0,5,16,9,6,1,13,19,17,18,14,10,2
0.2118;11,3,7,4,15,8,0,12,5,16,9,6,1,13,2,17,18,14,10,19
0.2128;11,3,10,4,15,8,0,12,5,16,9,6,1,19,2,17,18,14,7,13
0.2138;11,3,10,4,15,8,0,9,13,16,12,6,1,19,2,17,18,14,7,5
0.2148;11,3,10,4,15,8,0,9,13,16,12,6,18,19,2,5,1,14,7,17
0.2158;11,3,19,9,15,8,0,4,13,16,12,6,18,10,2,5,1,14,7,17
0.2168;11,18,19,9,15,8,0,4,13,16,12,6,3,10,7,5,1,14,2,17
0.2178;11,18,19,9,15,8,0,4,13,16,12,10,3,6,7,5,1,17,2,14
0.2188;11,18,19,9,15,8,0,4,13,16,12,10,3,6,7,17,1,5,14,2
0.2198;11,18,19,9,15,8,0,12,3,16,4,10,13,6,7,17,1,5,14,2
0.2208;11,18,19,9,15,8,0,3,12,16,4,13,10,6,7,17,1,5,14,2
0.2218;11,18,8,9,15,19,0,3,12,16,4,5,10,6,7,17,1,13,14,2
0.2228;11,18,8,9,15,19,0,3,12,16,4,5,10,6,17,14,1,13,7,2
0.2238;11,18,8,9,15,19,0,3,12,16,17,5,10,6,4,14,13,1,7,2
0.2248;11,18,8,9,0,19,15,3,12,16,13,5,10,6,4,14,17,1,7,2
0.2258;11,18,8,9,0,19,15,5,12,16,13,4,10,6,3,14,17,1,7,2
0.2268;11,18,13,9,0,19,15,5,12,16,8,4,10,6,17,14,3,1,7,2
0.2278;11,18,13,9,3,19,8,5,12,16,15,4,10,6,17,14,0,1,7,2
0.2288;11,18,13,9,3,19,8,5,12,16,15,4,17,6,10,14,0,1,2,7
0.2298;11,18,13,9,3,19,8,15,0,16,5,4,17,6,10,14,12,1,2,7
0.2308;3,18,13,9,11,19,8,15,0,16,5,17,4,6,10,14,12,1,2,7
0.2318;3,12,13,17,11,19,8,15,0,16,5,9,4,6,10,14,18,1,2,7
0.2328;3,12,13,17,11,19,8,15,18,16,5,9,4,6,10,14,0,7,2,1
0.2338;9,12,13,17,11,19,6,15,18,16,5,3,4,8,10,14,0,7,2,1
0.2348;9,12,13,17,11,19,6,15,18,16,5,1,4,8,10,7,0,14,2,3
0.2358;10,12,13,17,11,19,6,15,18,16,5,1,8,4,9,7,0,14,2,3
0.2368;5,12,13,17,11,19,6,15,18,16,10,1,8,4,9,2,0,14,7,3
0.2378;5,12,13,17,11,19,6,15,18,16,2,1,8,4,9,10,0,3,7,14
0.2388;5,12,13,17,11,19,6,15,18,16,2,1,9,4,8,10,0,14,7,3
0.2398;5,12,13,17,11,19,6,15,18,2,16,1,9,4,8,10,0,14,3,7
0.2408;5,12,13,17,11,9,6,15,18,2,16,1,19,4,8,10,14,0,3,7
0.2418;5,12,9,17,18,13,6,15,11,2,16,1,19,4,8,10,14,0,3,7
0.2428;5,12,9,17,18,13,7,15,11,2,16,1,14,4,8,10,19,0,3,6
0.2438;5,12,9,17,18,19,7,15,11,2,16,1,14,4,8,10,13,6,3,0
0.2448;5,12,9,17,18,15,7,19,11,10,16,1,14,4,8,2,13,6,3,0
0.2458;5,12,9,17,18,15,7,19,11,10,16,1,14,0,8,2,13,6,4,3
0.2468;9,12,5,17,14,15,7,19,11,10,16,1,18,0,8,2,13,6,4,3
0.2478;9,12,5,17,14,15,7,19,11,0,16,1,18,10,8,2,13,3,4,6
0.2488;9,12,5,13,14,15,7,19,11,0,16,6,18,10,8,2,17,3,4,1
0.2498;9,12,5,13,14,7,15,19,10,0,16,6,18,11,8,2,17,3,4,1
0.2507;9,12,5,13,14,7,15,19,10,0,16,6,8,3,18,2,17,11,4,1
0.2517;9,12,5,13,14,7,15,19,10,0,16,4,8,3,18,11,17,2,6,1
0.2527;9,12,5,13,14,7,15,19,10,11,6,4,8,3,18,0,17,2,16,1
0.2537;9,12,5,13,14,7,15,18,10,11,6,8,4,3,19,0,17,2,16,1
0.2547;8,12,5,13,14,7,15,18,10,11,6,9,4,3,19,16,17,2,0,1
0.2557;8,12,5,13,14,7,11,18,10,15,6,9,4,3,19,16,17,1,0,2
0.2567;8,12,5,13,14,7,11,18,10,15,6,9,4,3,16,19,17,0,1,2
0.2577;8,12,5,13,14,7,11,18,10,15,6,9,4,3,16,19,1,17,0,2
0.2587;8,12,5,13,14,7,11,18,10,15,6,9,3,16,4,19,1,17,0,2
0.2597;2,12,5,13,14,7,11,18,10,15,6,9,3,16,17,19,1,4,0,8
0.2607;2,12,6,15,14,7,11,18,10,13,5,9,3,16,17,19,1,4,0,8
0.2617;2,12,6,15,14,7,11,18,9,13,5,10,3,16,17,19,0,4,1,8
0.2627;2,12,6,1,14,7,11,8,9,13,5,10,3,16,17,19,0,4,15,18
0.2637;2,12,6,1,14,15,11,8,9,13,5,10,3,16,17,19,0,4,18,7
0.2647;2,12,16,1,14,15,11,8,9,13,5,10,3,6,17,7,0,4,18,19
0.2657;2,12,16,1,14,15,11,8,9,13,3,10,5,6,17,4,0,7,18,19
0.2667;13,12,16,1,14,15,8,11,9,2,3,10,5,6,17,4,0,7,18,19
0.2677;13,11,16,1,14,15,8,9,12,2,3,10,5,6,17,4,0,7,18,19
0.2687;13,11,14,1,19,15,8,9,12,2,3,10,5,6,17,4,0,7,18,16
0.2697;13,16,14,1,19,15,9,8,12,2,3,10,5,6,17,4,0,7,18,11
0.2707;13,15,14,1,19,16,18,8,12,2,3,10,5,6,17,4,0,7,9,11
0.2717;13,15,14,1,5,16,18,8,12,2,3,10,19,6,17,4,0,7,11,9
0.2727;13,15,14,16,5,1,18,8,12,2,3,10,19,4,17,6,0,7,11,9
0.2737;13,15,14,16,5,1,18,8,12,2,3,7,19,4,17,9,0,10,11,6
0.2747;13,15,17,16,5,1,18,3,12,2,8,7,19,4,14,9,0,10,11,6
0.2757;19,15,17,16,5,1,18,3,12,2,8,7,13,4,14,9,0,10,6,11
0.2767;19,15,17,16,5,1,18,3,12,2,8,13,7,4,14,9,0,6,10,11
0.2777;19,15,6,16,5,1,18,3,12,2,8,13,7,4,14,9,10,17,0,11
0.2787;19,15,6,16,5,1,18,7,12,2,8,13,3,17,14,9,10,4,0,11
0.2797;19,15,17,16,5,6,18,7,12,2,8,13,3,1,14,9,10,4,0,11
0.2807;19,16,17,15,5,6,18,7,12,2,8,13,3,1,14,9,10,4,11,0
0.2817;19,16,17,15,5,6,18,7,11,2,8,13,3,14,1,9,10,4,12,0
0.2827;19,16,2,15,5,6,18,7,11,17,8,13,3,14,1,9,10,12,4,0
0.2837;19,16,12,15,5,6,18,14,11,17,8,13,3,7,1,9,10,2,4,0
0.2847;19,16,12,15,5,6,18,14,11,17,4,13,3,7,1,10,9,2,8,0
0.2857;19,16,12,15,5,7,18,14,11,17,4,8,3,6,1,10,9,2,13,0
0.2867;19,16,12,15,5,7,18,14,3,17,4,8,11,6,1,13,9,2,10,0
0.2877;19,13,12,15,5,7,18,14,3,17,9,8,11,6,1,16,4,2,10,0
0.2887;19,18,1,15,5,7,13,14,3,17,9,8,11,6,12,16,4,2,10,0
0.2897;19,18,14,15,5,7,13,1,16,17,9,8,11,6,12,3,4,2,10,0
0.2907;19,18,14,15,5,7,13,1,16,17,9,6,11,8,12,3,4,2,0,10
0.2917;19,18,14,13,5,7,15,1,16,17,9,6,4,8,12,3,11,2,0,10
0.2927;19,18,14,13,5,0,15,1,16,17,9,6,4,12,8,3,11,2,7,10
0.2937;19,18,14,13,5,0,15,1,16,17,9,6,3,12,8,4,11,7,2,10
0.2947;19,2,14,13,9,0,15,1,16,17,5,6,3,12,8,4,11,7,18,10
0.2957;19,5,14,13,9,0,15,1,16,17,2,6,3,12,8,4,11,7,10,18
0.2967;19,1,14,13,9,0,15,5,16,17,2,6,3,12,11,4,8,7,10,18
0.2977;1,19,14,13,9,0,15,5,16,17,2,3,6,12,11,4,8,7,10,18
0.2987;1,19,14,13,9,0,15,5,16,3,2,12,6,17,11,4,8,7,10,18
0.2997;1,19,14,11,0,9,15,5,16,3,2,12,6,17,13,4,8,7,10,18
0.3007;1,7,14,11,0,9,3,5,16,15,2,12,6,17,13,4,8,19,10,18
0.3017;1,7,14,5,0,9,10,11,16,15,2,12,6,17,13,4,8,19,3,18
0.3027;1,7,14,5,0,9,10,11,16,15,2,12,6,17,13,4,8,18,19,3
0.3037;14,7,10,5,0,9,1,11,16,15,2,12,6,17,13,4,8,18,19,3
0.3047;14,7,10,5,0,9,1,11,16,15,2,12,6,17,13,8,19,18,4,3
0.3057;14,7,10,16,0,9,1,11,5,15,2,12,6,19,13,8,17,18,4,3
0.3067;14,7,10,16,0,9,1,11,13,15,2,12,6,19,5,18,17,8,4,3
0.3077;14,7,10,16,0,9,3,11,13,15,2,12,6,4,5,18,17,8,19,1
0.3087;14,0,10,16,7,9,3,11,13,15,6,12,2,4,5,18,17,8,19,1
0.3097;14,0,16,10,7,9,3,11,13,15,6,12,4,2,5,18,17,8,19,1
0.3107;14,0,16,10,18,9,3,11,13,15,7,12,4,2,5,6,17,8,19,1
0.3117;11,0,16,10,18,9,3,14,13,15,7,12,4,2,5,6,17,8,1,19
0.3127;18,0,5,10,11,9,3,14,13,15,7,12,4,2,16,6,17,8,1,19
0.3137;18,0,5,10,11,12,3,14,13,15,7,9,4,2,17,6,16,8,1,19
0.3147;15,0,5,10,11,12,3,14,13,18,7,9,4,2,17,8,16,6,1,19
0.3157;15,0,5,10,11,12,3,14,8,18,7,13,4,2,17,9,16,6,1,19
0.3167;15,2,5,10,11,12,3,14,8,18,7,13,19,0,17,9,16,6,1,4
0.3177;15,2,5,10,11,12,13,14,8,18,7,3,19,0,17,1,16,6,9,4
0.3187;15,2,5,10,11,12,13,14,8,18,7,3,19,0,9,17,16,6,1,4
0.3197;15,2,5,10,11,12,13,14,8,18,16,3,19,0,9,17,7,6,4,1
0.3207;18,2,5,10,11,12,13,14,8,15,6,3,19,0,9,17,7,16,4,1
0.3217;18,2,5,10,11,15,13,14,8,12,6,3,19,0,9,17,7,16,1,4
0.3227;18,2,5,10,11,15,17,14,8,12,6,3,19,7,9,13,0,16,1,4
0.3237;12,2,5,1,11,15,17,14,8,18,6,3,19,7,9,13,0,16,10,4
0.3247;12,2,5,1,11,15,17,14,8,19,6,3,18,7,9,13,10,16,0,4
0.3257;12,2,5,1,19,16,17,14,8,11,6,3,18,7,9,13,10,15,0,4
0.3267;3,2,5,1,19,17,16,14,8,11,6,12,18,7,9,13,10,15,0,4
0.3277;3,2,5,1,19,17,6,14,8,11,16,12,18,7,4,13,10,15,0,9
0.3287;3,2,5,1,19,17,6,14,8,11,10,12,18,7,4,13,0,15,16,9
0.3297;3,2,10,1,19,17,6,14,8,11,5,12,7,18,4,13,0,15,16,9
0.3307;4,2,10,1,19,17,6,14,12,11,5,8,7,18,3,13,0,15,16,9
0.3317;4,2,10,1,19,17,15,14,12,11,5,8,7,18,3,13,0,6,9,16
0.3327;4,2,10,1,19,17,15,14,12,11,5,8,7,18,3,0,13,6,16,9
0.3337;4,2,10,1,19,15,17,14,11,12,5,8,7,18,3,0,13,6,16,9
0.3347;8,2,10,1,19,15,17,14,11,12,3,4,7,18,5,0,13,6,16,9
0.3357;8,2,10,6,19,15,17,14,11,12,3,4,7,1,5,0,13,18,16,9
0.3367;0,2,10,6,19,15,17,14,11,12,18,4,7,1,5,8,13,3,16,9
0.3377;0,2,10,6,8,15,17,14,11,12,18,4,5,1,7,19,13,3,16,9
0.3387;0,17,10,6,8,15,2,14,11,12,18,4,1,5,7,19,13,3,16,9
0.3397;0,17,10,6,8,1,2,14,11,19,18,4,15,5,7,12,13,3,16,9
0.3407;0,17,10,6,8,1,2,14,11,19,18,4,15,5,3,12,13,7,9,16
0.3417;0,1,10,6,8,17,9,14,11,19,18,4,15,5,3,12,13,7,2,16
0.3427;0,1,10,6,8,15,9,14,11,19,18,4,17,5,3,12,13,7,16,2
0.3437;0,14,10,6,8,15,9,1,11,19,2,4,17,5,3,12,13,7,16,18
0.3447;0,14,10,13,8,15,9,1,11,19,2,4,17,5,3,12,6,7,18,16
0.3457;0,4,10,17,8,15,9,1,11,19,2,14,13,5,3,12,6,7,18,16
0.3467;0,4,10,7,8,15,9,1,11,19,2,14,18,5,3,12,6,17,13,16
0.3477;0,4,10,7,8,15,9,1,11,19,2,14,18,5,3,16,6,13,17,12
0.3487;0,4,10,7,8,15,9,1,12,19,2,14,18,17,3,16,6,13,5,11
0.3497;0,4,10,7,8,5,14,1,12,19,2,9,18,17,3,16,6,13,15,11
0.3506;0,4,19,7,8,5,14,1,12,10,2,9,18,17,3,11,6,13,15,16
0.3516;0,4,19,7,8,11,14,1,12,10,2,9,18,5,3,17,6,13,15,16
0.3526;0,4,19,7,8,11,14,2,12,10,1,9,18,15,3,17,6,13,5,16
0.3536;0,4,19,7,8,11,14,15,12,6,1,9,18,2,3,17,10,13,5,16
0.3546;0,4,19,7,8,11,14,15,12,6,1,5,18,2,17,3,10,13,9,16
0.3556;0,4,19,7,13,11,14,15,12,6,1,5,18,2,17,3,9,8,10,16
0.3566;0,11,19,7,13,4,14,15,9,6,1,5,18,2,17,3,12,8,10,16
0.3576;0,11,19,7,13,4,14,15,9,6,1,12,18,2,17,8,5,3,10,16
0.3586;0,11,19,7,13,4,14,15,9,6,1,3,18,2,12,8,5,17,10,16
0.3596;0,11,19,7,13,5,14,15,9,6,4,3,18,2,12,8,1,17,10,16
0.3606;0,11,19,7,13,5,14,15,9,6,4,3,18,1,12,10,2,17,8,16
0.3616;11,0,19,7,13,5,16,15,9,6,4,3,18,1,12,10,2,17,8,14
0.3626;11,16,19,7,13,5,0,15,9,6,4,3,18,14,12,10,2,17,8,1
0.3636;16,11,19,7,13,5,0,15,9,6,4,3,18,14,12,10,1,17,8,2
0.3646;16,3,19,7,13,5,0,15,9,6,4,11,18,10,12,14,1,17,8,2
0.3656;16,3,19,17,13,5,0,15,9,6,4,11,18,10,8,14,1,7,12,2
0.3666;16,3,19,17,13,5,0,15,1,6,4,11,14,10,8,18,9,7,12,2
0.3676;16,3,19,17,13,5,0,4,1,6,15,11,14,10,8,18,9,7,2,12
0.3686;16,0,19,17,13,5,3,4,8,6,15,11,14,10,1,18,9,7,2,12
0.3696;16,6,19,17,13,5,3,4,8,0,15,11,14,10,1,18,9,7,12,2
0.3706;15,6,19,17,13,5,3,4,8,0,16,11,14,10,1,18,9,7,2,12
0.3716;15,6,19,17,13,5,16,4,8,0,3,11,14,9,1,18,10,7,2,12
0.3726;15,6,19,17,13,18,16,4,8,0,3,11,14,9,7,5,10,1,2,12
0.3736;15,6,19,17,13,18,16,4,5,0,3,11,14,9,10,8,7,1,2,12
0.3746;15,6,19,8,13,18,16,4,14,0,3,11,5,9,10,17,7,1,2,12
0.3756;15,9,19,8,13,18,16,4,14,0,3,11,5,6,10,17,7,1,12,2
0.3766;15,9,19,12,13,11,16,4,14,0,3,18,5,6,10,17,7,1,8,2
0.3776;15,9,19,12,13,11,16,4,14,3,0,18,5,6,10,17,7,8,1,2
0.3786;15,1,19,12,13,11,9,4,14,3,0,18,5,6,10,17,7,8,16,2
0.3796;15,1,19,12,13,11,9,4,3,14,2,18,5,6,10,17,7,8,16,0
0.3806;15,1,19,12,13,11,9,4,6,14,2,18,5,3,10,8,7,17,16,0
0.3816;15,1,19,12,13,11,14,6,4,9,2,18,5,3,10,8,7,17,16,0
0.3826;16,1,19,12,13,11,14,6,4,9,2,18,5,3,10,8,7,15,17,0
0.3836;16,1,19,12,13,11,2,6,4,9,14,18,5,3,10,15,7,8,17,0
0.3846;16,1,19,12,13,8,2,6,4,7,14,18,5,3,10,15,9,11,17,0
0.3856;16,1,19,12,13,8,2,6,4,7,14,15,5,3,10,18,9,0,17,11
0.3866;16,1,19,12,13,8,2,18,4,7,0,15,5,3,10,6,9,14,17,11
0.3876;16,1,19,12,15,8,2,18,4,3,0,13,5,7,10,6,9,14,17,11
0.3886;16,1,19,12,15,8,2,18,3,4,0,7,5,13,10,6,9,14,17,11
0.3896;16,1,19,12,15,9,2,18,3,4,0,7,5,6,10,13,8,14,17,11
0.3906;16,1,19,5,15,9,2,18,3,4,12,7,0,6,10,13,8,14,17,11
0.3916;16,1,19,5,15,9,2,18,3,4,12,7,0,6,17,13,8,10,14,11
0.3926;16,1,19,5,15,14,2,18,13,4,12,7,0,6,17,3,8,10,9,11
0.3936;12,1,19,5,15,14,18,2,13,4,16,7,0,6,17,3,8,10,9,11
0.3946;12,1,18,5,15,3,19,2,13,4,16,7,0,6,17,14,8,10,9,11
0.3956;12,1,18,5,15,3,19,2,13,4,16,7,9,6,17,10,8,14,0,11
0.3966;12,1,18,5,15,3,19,7,13,4,16,2,9,6,17,14,8,10,0,11
0.3976;12,1,18,5,15,13,19,7,3,4,16,2,9,17,6,14,8,10,0,11
0.3986;12,1,18,5,15,13,19,7,3,4,14,17,9,2,6,16,8,10,0,11
0.3996;12,1,18,5,2,13,19,7,3,4,0,17,9,15,6,16,8,10,14,11
0.4006;12,1,18,5,2,19,13,7,3,4,0,17,9,15,6,16,8,10,11,14
0.4016;12,1,18,5,2,19,13,7,3,4,0,17,9,6,15,11,8,10,16,14
0.4026;12,1,18,5,2,19,13,7,3,4,10,17,9,6,15,0,8,11,16,14
0.4036;0,1,18,5,2,19,15,7,3,4,10,17,9,6,13,12,8,11,16,14
0.4046;0,11,18,5,2,19,15,7,3,4,10,17,9,6,13,12,8,1,14,16
0.4056;0,11,18,5,2,19,1,7,3,4,10,17,9,6,13,12,16,15,14,8
0.4066;0,11,18,5,2,19,1,7,3,4,10,17,9,14,6,12,16,15,13,8
0.4076;0,11,18,17,2,19,1,7,3,4,9,5,10,14,6,12,16,15,13,8
0.4086;0,1,5,17,2,19,11,7,3,4,9,18,10,14,6,12,16,15,13,8
0.4096;0,1,5,17,2,19,11,7,3,4,9,18,10,14,6,12,16,13,8,15
0.4106;0,1,5,17,2,19,11,14,3,9,4,18,10,7,6,12,16,13,8,15
0.4116;0,1,5,17,2,19,11,14,3,9,4,18,10,7,12,8,16,13,6,15
0.4126;0,1,5,17,2,19,11,14,3,9,13,18,10,15,12,8,16,4,6,7
0.4136;0,1,19,17,2,5,11,16,3,9,13,18,10,15,12,8,14,4,6,7
0.4146;0,1,19,17,18,5,11,16,3,9,13,2,10,7,12,8,14,4,6,15
0.4156;0,1,19,17,18,5,11,16,3,4,13,14,10,7,12,8,2,9,6,15
0.4166;0,1,19,17,18,5,11,16,3,4,13,14,10,7,8,6,2,9,12,15
0.4176;0,1,19,17,18,5,11,16,3,4,13,14,8,10,7,6,2,9,12,15
0.4186;0,1,19,17,18,5,11,16,3,4,13,14,10,8,12,6,2,9,7,15
0.4196;0,7,19,17,18,5,11,16,3,4,13,14,10,8,12,6,15,9,1,2
0.4206;0,7,19,17,18,5,11,16,3,4,13,9,2,8,12,6,15,14,1,10
0.4216;0,7,19,18,17,5,10,16,3,4,13,9,2,8,12,6,15,14,1,11
0.4226;0,7,19,18,17,5,10,16,3,8,13,9,1,4,12,6,15,14,2,11
0.4236;0,7,19,18,17,5,10,16,4,8,13,9,1,14,12,6,15,3,2,11
0.4246;0,7,19,18,17,5,10,16,4,8,13,9,1,11,12,15,6,3,2,14
0.4256;0,7,19,18,14,5,15,16,4,8,13,9,1,11,12,10,6,3,2,17
0.4266;0,7,19,18,14,5,15,16,4,8,13,9,6,11,12,10,1,2,3,17
0.4276;0,7,19,18,14,5,15,16,4,8,17,9,6,11,12,10,1,2,13,3
0.4286;0,7,19,18,14,5,15,16,4,8,17,9,6,11,12,1,10,2,3,13
0.4296;0,9,19,18,14,5,15,16,4,8,17,7,6,11,12,1,10,2,13,3
0.4306;0,9,19,18,14,13,15,16,4,6,17,7,8,11,12,1,10,2,5,3
0.4316;0,9,19,18,14,13,15,16,4,6,17,7,8,5,10,1,12,2,11,3
0.4326;0,3,19,18,14,13,15,16,4,6,17,7,8,5,10,2,12,1,11,9
0.4336;0,3,19,18,14,13,15,16,4,6,17,7,2,5,8,10,12,1,11,9
0.4346;0,3,19,18,14,7,15,16,4,6,17,13,2,5,8,10,12,11,1,9
0.4356;0,3,19,18,14,12,15,16,4,6,17,13,2,5,10,8,7,11,1,9
0.4366;0,3,19,18,14,12,15,16,4,6,7,13,5,2,10,8,17,11,1,9
0.4376;0,3,19,4,14,12,15,16,18,6,7,13,5,2,10,8,17,11,9,1
0.4386;6,3,19,4,14,12,15,16,18,8,7,13,5,2,10,0,17,11,9,1
0.4396;6,3,19,17,14,12,15,16,18,8,7,13,5,10,2,0,4,11,9,1
0.4406;6,3,19,17,14,12,15,16,18,11,7,4,5,10,2,0,13,8,9,1
0.4416;6,3,19,17,14,12,15,16,18,2,7,4,5,10,11,9,13,8,0,1
0.4426;6,14,19,17,3,13,15,16,18,2,7,4,5,10,11,9,12,8,0,1
0.4436;6,14,19,15,3,13,17,16,18,2,7,4,5,10,11,9,8,12,0,1
0.4446;6,14,19,15,3,2,17,16,18,11,7,4,5,10,13,9,8,12,0,1
0.4456;6,14,19,15,3,2,17,16,18,11,7,4,5,8,13,9,10,0,12,1
0.4466;6,14,19,15,3,2,17,16,18,11,7,4,5,8,13,9,12,0,1,10
0.4476;6,14,19,15,3,2,17,16,18,11,7,9,0,8,13,4,12,5,1,10
0.4486;6,14,19,13,3,2,17,16,18,11,7,9,0,8,15,4,12,10,1,5
0.4496;6,14,19,13,3,2,12,16,1,11,7,9,0,8,15,4,17,10,18,5
0.4505;6,14,19,16,3,2,12,13,1,11,15,9,0,8,7,4,17,10,18,5
0.4515;6,14,19,18,3,2,11,13,1,12,15,9,0,8,7,4,17,10,16,5
0.4525;6,15,19,18,3,2,10,13,1,12,14,9,0,8,7,4,17,11,16,5
0.4535;6,15,19,18,3,0,10,13,1,12,2,9,14,8,7,4,17,11,16,5
0.4545;18,15,19,6,3,0,10,13,1,12,2,5,14,8,7,4,17,11,16,9
0.4555;18,15,19,6,3,0,14,13,1,12,2,11,10,8,7,4,17,5,16,9
0.4565;18,15,19,6,3,0,14,10,1,12,2,11,13,8,7,4,16,5,17,9
0.4575;18,15,19,6,3,0,14,10,1,13,2,11,12,8,7,17,16,5,4,9
0.4585;18,15,19,6,11,0,14,10,1,13,2,3,12,5,7,17,16,8,4,9
0.4595;18,15,19,3,11,0,14,10,1,13,2,6,4,5,7,17,16,8,12,9
0.4605;18,15,19,3,11,17,14,10,1,13,2,0,4,5,7,6,16,8,12,9
0.4615;18,15,19,3,11,17,14,8,1,13,2,0,4,5,7,6,16,10,9,12
0.4625;18,15,4,3,11,16,14,8,1,13,2,0,19,5,7,6,17,10,9,12
0.4635;19,15,4,3,11,16,14,8,1,13,12,0,18,5,7,6,17,10,9,2
0.4645;19,15,4,7,11,16,14,8,1,13,12,0,18,6,3,5,17,10,9,2
0.4655;19,15,4,7,11,16,14,8,1,13,12,0,18,6,17,5,9,10,3,2
0.4665;19,15,5,9,11,16,14,8,1,13,12,0,18,6,17,4,7,10,3,2
0.4675;19,15,5,9,7,16,14,8,1,13,12,0,18,6,17,2,11,10,3,4
0.4685;12,15,5,9,2,16,14,8,1,13,19,0,18,6,17,7,11,10,3,4
0.4695;12,15,5,9,3,16,14,8,1,13,19,18,0,6,17,7,11,10,2,4
0.4705;12,11,6,9,3,16,14,8,1,13,19,18,0,5,17,7,15,10,2,4
0.4715;12,11,6,9,3,16,14,8,1,13,19,0,18,5,17,7,15,4,2,10
0.4725;12,11,6,9,3,16,14,2,1,13,19,0,4,5,17,7,15,18,8,10
0.4735;12,11,6,9,3,5,14,2,1,13,19,0,4,16,17,7,15,18,10,8
0.4745;12,11,6,9,3,5,7,2,1,13,19,0,4,14,17,16,15,18,10,8
0.4755;12,6,11,9,3,5,7,2,4,13,19,0,1,14,17,16,15,18,10,8
0.4765;12,6,11,8,3,4,7,2,5,13,19,0,1,14,17,16,15,18,10,9
0.4775;12,6,11,8,3,4,7,2,13,5,19,18,1,14,17,16,15,0,10,9
0.4785;12,6,11,8,3,4,7,0,13,5,19,18,16,14,17,1,15,2,10,9
0.4795;12,6,11,8,3,4,13,0,7,5,19,18,16,17,14,1,15,2,10,9
0.4805;12,6,11,8,3,4,13,0,14,5,19,18,16,17,7,15,1,2,10,9
0.4815;12,6,11,8,3,4,13,0,14,5,19,18,16,1,15,7,17,2,10,9
0.4825;12,6,11,8,3,4,13,0,14,5,19,18,16,1,7,2,17,15,10,9
0.4835;12,6,11,8,3,4,13,0,19,5,14,18,16,1,7,10,17,15,2,9
0.4845;3,13,11,8,12,4,6,0,19,5,14,18,16,1,7,10,17,15,2,9
0.4855;3,13,11,8,12,4,6,0,19,5,14,18,16,9,7,10,17,15,1,2
0.4865;3,13,5,8,12,4,6,0,19,18,14,11,16,9,7,10,17,15,1,2
0.4875;3,0,5,17,12,4,6,13,19,18,14,11,16,9,7,10,8,15,1,2
0.4885;3,0,5,17,12,4,6,13,1,18,14,11,16,9,7,10,8,19,15,2
0.4895;3,0,5,14,7,4,6,13,1,18,17,11,16,9,12,10,8,19,15,2
0.4905;3,0,5,14,7,4,16,13,1,18,15,11,6,9,12,10,8,19,17,2
0.4915;3,2,5,14,7,4,16,13,0,18,15,11,6,9,12,10,8,19,17,1
0.4925;3,2,5,14,7,4,16,13,0,8,15,11,6,9,17,10,18,19,12,1
0.4935;3,2,5,14,7,4,16,13,0,8,15,11,6,12,17,10,18,9,19,1
0.4945;3,2,5,14,7,4,16,13,0,8,15,11,6,12,17,18,10,9,1,19
0.4955;3,2,15,14,7,4,16,13,0,8,5,11,6,19,17,18,10,9,1,12
0.4965;3,2,15,7,14,4,16,13,11,8,5,0,6,19,17,18,10,9,1,12
0.4975;3,2,15,7,14,4,16,13,11,8,5,0,6,12,19,18,10,9,1,17
0.4985;3,2,15,7,5,4,16,13,11,8,14,0,6,12,10,18,19,9,1,17
0.4995;3,2,15,7,5,14,16,13,11,8,4,1,6,12,10,18,19,9,0,17
0.5005;3,2,15,8,5,14,16,13,11,7,4,1,12,6,10,18,19,9,0,17
0.5015;3,4,15,8,5,14,16,2,11,7,13,1,12,6,10,18,19,9,0,17
0.5025;3,4,15,8,5,14,16,9,11,7,13,1,12,6,0,18,19,2,10,17
0.5035;3,4,15,8,10,14,16,12,11,7,13,1,9,6,0,18,19,2,5,17
0.5045;3,4,15,11,10,14,16,12,8,7,13,1,9,6,0,18,17,2,5,19
0.5055;3,4,15,2,17,14,16,12,8,7,13,1,9,6,0,18,10,11,5,19
0.5065;3,4,15,2,17,14,16,12,8,7,18,1,9,11,0,13,10,6,5,19
0.5075;3,4,15,2,17,14,16,12,8,7,18,1,10,11,0,19,9,6,5,13
0.5085;3,4,10,2,17,14,16,12,8,7,18,1,15,11,0,9,19,6,5,13
0.5095;15,4,10,2,17,5,16,12,8,7,18,1,3,11,0,9,19,6,14,13
0.5105;15,4,17,2,10,5,16,12,8,7,18,1,0,11,3,9,19,6,14,13
0.5115;15,4,17,2,10,5,16,12,8,7,18,1,0,11,9,14,19,6,3,13
0.5125;15,4,17,2,10,5,16,12,8,3,18,1,19,11,9,14,0,6,7,13
0.5135;15,8,17,2,10,5,16,12,4,3,18,1,19,11,9,14,6,0,7,13
0.5145;15,8,17,2,10,5,16,12,4,3,18,1,13,11,0,14,6,9,7,19
0.5155;15,8,17,2,10,5,16,0,4,3,18,1,13,11,12,6,14,9,7,19
0.5165;15,8,17,2,10,5,16,0,3,4,18,1,13,11,6,12,14,9,7,19
0.5175;15,8,17,2,10,5,16,0,6,4,18,1,3,11,13,12,14,9,7,19
0.5185;15,8,10,2,17,5,16,0,6,4,18,14,3,11,13,12,1,9,7,19
0.5195;8,15,10,2,17,5,16,0,6,19,18,14,3,11,13,12,1,9,7,4
0.5205;10,15,8,2,17,5,16,0,6,13,18,14,3,11,19,12,1,9,7,4
0.5215;10,15,8,16,17,5,2,0,6,13,18,14,3,11,19,7,1,9,12,4
0.5225;10,15,8,11,17,5,2,0,6,13,18,7,3,16,19,14,1,9,12,4
0.5235;15,10,8,11,17,0,2,5,6,13,18,7,3,16,19,14,1,9,12,4
0.5245;15,10,8,5,17,0,2,11,6,13,18,7,19,16,3,14,1,9,12,4
0.5255;15,10,8,5,17,0,2,11,6,13,3,7,19,16,18,14,1,9,4,12
0.5265;15,10,8,5,17,0,2,11,6,13,16,7,19,3,14,18,1,9,4,12
0.5275;15,10,8,5,17,0,2,11,14,13,16,7,19,3,6,9,1,18,4,12
0.5285;15,10,4,5,17,18,2,11,14,13,16,7,19,3,6,9,1,0,8,12
0.5295;15,10,4,5,17,18,2,11,6,13,16,7,8,3,14,9,1,0,19,12
0.5305;15,10,3,5,17,18,2,11,6,7,16,13,8,4,14,9,1,0,19,12
0.5315;15,10,3,5,17,18,2,11,6,19,16,13,8,4,14,9,1,0,12,7
0.5325;16,10,3,5,17,18,2,11,6,19,15,13,8,4,0,9,1,14,12,7
0.5335;16,10,3,5,17,18,2,0,6,19,15,13,8,9,11,4,1,14,12,7
0.5345;16,6,3,5,17,18,2,0,10,19,15,13,8,9,11,4,1,7,12,14
0.5355;16,6,3,5,17,18,2,0,10,19,7,13,8,9,11,4,1,12,15,14
0.5365;16,6,3,5,17,18,2,0,11,19,7,13,8,10,9,4,1,12,15,14
0.5375;16,6,9,7,17,18,2,0,11,19,5,13,8,10,3,4,1,12,15,14
0.5385;16,6,9,7,17,18,2,0,11,19,5,1,8,13,3,4,10,12,15,14
0.5395;16,6,9,7,17,18,2,0,11,5,19,1,8,10,3,4,13,12,15,14
0.5405;16,6,9,7,17,18,2,0,11,5,19,1,8,4,3,10,13,15,12,14
0.5415;16,6,9,7,17,18,2,0,10,5,19,15,8,4,3,11,13,1,12,14
0.5425;1,6,9,7,17,18,2,12,10,5,19,15,8,4,3,11,13,16,0,14
0.5435;1,6,9,7,17,18,2,12,10,5,19,0,8,4,3,16,13,11,15,14
0.5445;1,6,9,7,17,18,2,12,11,5,4,0,8,19,3,16,13,10,15,14
0.5455;1,6,9,7,17,18,2,12,11,5,4,0,8,19,13,16,10,3,15,14
0.5465;1,10,9,7,17,18,2,4,11,5,12,0,8,19,13,16,6,3,15,14
0.5475;1,10,9,7,17,18,2,4,11,5,12,0,15,19,13,16,8,3,6,14
0.5485;1,10,9,14,17,18,2,4,11,5,12,8,15,19,13,16,0,3,6,7
0.5495;1,10,9,14,17,18,2,4,11,5,12,8,15,0,13,7,19,3,6,16
0.5504;1,10,9,14,19,12,2,4,11,5,18,8,15,0,13,7,17,3,6,16
0.5514;1,10,9,14,17,12,2,4,11,5,18,8,15,0,13,7,16,3,6,19
0.5524;1,10,9,14,17,12,2,18,11,7,4,8,15,0,13,5,16,3,6,19
0.5534;1,17,9,14,10,12,2,18,11,7,4,8,15,0,13,5,16,19,6,3
0.5544;1,17,9,14,10,12,6,18,11,3,4,8,15,0,13,5,16,19,2,7
0.5554;7,17,9,14,10,12,6,18,2,3,4,8,15,0,13,5,16,19,11,1
0.5564;7,17,9,14,10,12,6,18,2,3,4,8,15,0,1,5,16,19,13,11
0.5574;7,17,3,14,10,12,6,18,2,9,4,8,15,0,5,1,16,19,13,11
0.5584;7,15,3,14,10,12,6,0,2,9,4,8,17,18,5,1,16,19,13,11
0.5594;7,15,3,14,10,12,17,0,2,9,4,8,6,18,5,1,16,19,11,13
0.5604;7,15,3,14,10,12,5,0,2,9,4,8,6,16,17,1,18,19,11,13
0.5614;7,15,3,14,10,17,5,0,2,9,4,8,6,16,12,11,18,19,1,13
0.5624;7,15,3,8,10,17,5,0,2,9,4,14,6,16,12,11,18,19,13,1
0.5634;7,15,3,8,10,17,5,0,2,9,4,14,6,16,12,19,13,11,18,1
0.5644;7,15,3,8,10,17,5,0,2,9,16,14,6,4,12,19,13,11,1,18
0.5654;7,15,3,8,10,17,5,12,2,9,16,14,6,19,0,4,13,11,1,18
0.5664;7,15,3,8,10,13,5,12,2,9,16,14,6,0,19,4,17,11,1,18
0.5674;10,15,3,8,7,4,5,12,2,9,16,14,6,0,19,13,17,11,1,18
0.5684;10,6,3,8,7,4,18,12,2,9,16,14,15,0,19,13,17,11,1,5
0.5694;10,6,3,8,7,4,18,12,19,9,16,15,14,0,2,13,17,11,1,5
0.5704;10,18,3,8,7,4,6,12,19,9,16,15,14,0,2,13,17,11,5,1
0.5714;10,18,3,8,1,4,6,12,19,9,17,15,14,0,2,13,16,11,5,7
0.5724;10,18,3,17,1,4,6,12,19,2,8,15,14,0,9,13,16,11,5,7
0.5734;10,18,3,17,1,4,6,12,19,5,8,15,14,0,9,13,16,11,7,2
0.5744;10,18,3,17,1,4,6,12,16,5,8,15,14,0,9,13,7,11,19,2
0.5754;10,18,3,17,1,4,6,12,16,5,8,15,14,13,9,7,0,11,19,2
0.5764;3,18,10,17,1,4,6,12,16,5,8,15,14,13,0,7,9,11,19,2
0.5774;3,18,10,17,1,4,8,12,16,5,6,15,14,13,11,7,9,0,19,2
0.5784;3,18,10,17,1,4,8,12,16,5,6,15,14,13,0,7,11,9,19,2
0.5794;3,18,10,17,1,4,19,15,16,5,6,12,14,13,0,7,11,9,8,2
0.5804;3,18,10,17,1,4,19,15,16,5,6,12,14,13,0,7,11,8,2,9
0.5814;3,18,10,17,1,4,12,15,16,5,6,19,14,7,0,13,11,8,2,9
0.5824;3,18,8,17,1,4,12,7,16,5,6,19,14,15,0,13,11,10,2,9
0.5834;3,18,8,17,1,4,7,12,16,5,6,19,14,15,2,13,11,10,0,9
0.5844;3,18,8,17,1,4,7,12,16,5,10,19,9,15,2,13,11,6,0,14
0.5854;3,18,8,17,1,4,7,11,16,5,10,9,19,15,2,13,12,6,0,14
0.5864;3,0,8,17,1,4,7,11,16,5,10,9,19,15,2,13,12,6,14,18
0.5874;3,0,8,17,1,4,7,11,16,6,10,9,12,15,2,13,19,5,14,18
0.5884;3,0,8,11,1,4,7,17,15,6,10,9,12,16,2,13,19,5,14,18
0.5894;3,0,8,18,1,4,11,17,15,6,10,9,12,16,2,13,19,5,14,7
0.5904;2,0,8,18,1,4,11,17,15,6,10,9,12,16,3,13,19,5,7,14
0.5914;2,0,8,18,1,4,11,17,9,6,10,15,12,16,19,13,3,5,7,14
0.5924;2,0,8,11,1,4,18,17,14,6,10,15,12,16,19,13,3,5,7,9
0.5934;2,0,8,11,1,4,12,17,14,18,10,15,6,16,19,13,3,5,7,9
0.5944;2,0,8,17,1,4,12,11,14,18,10,15,6,16,19,5,3,13,7,9
0.5954;2,0,1,17,8,4,12,11,14,18,13,15,6,16,19,5,3,10,7,9
0.5964;2,0,1,17,8,4,12,16,14,18,19,15,6,11,13,5,3,10,7,9
0.5974;2,0,1,12,8,4,17,16,14,18,19,15,6,11,13,5,9,10,7,3
0.5984;2,0,1,12,8,4,17,16,15,9,19,14,6,11,13,5,18,10,7,3
0.5994;13,0,1,12,8,4,17,16,15,9,19,14,6,11,2,5,10,18,7,3
0.6004;12,0,1,6,8,4,17,16,15,9,19,14,13,11,2,5,10,18,7,3
0.6014;12,0,10,6,8,4,17,16,15,9,19,14,13,11,2,5,1,18,3,7
0.6024;8,0,10,6,12,4,11,16,15,9,19,14,13,17,2,5,1,18,3,7
0.6034;8,0,10,6,12,4,11,16,19,9,15,14,13,17,2,5,1,18,7,3
0.6044;8,7,10,6,12,4,11,16,1,9,15,14,13,17,2,5,19,18,0,3
0.6054;8,7,10,6,12,4,11,16,1,9,15,14,13,17,2,0,19,3,5,18
0.6064;8,7,10,6,12,4,11,16,1,9,15,17,13,14,2,0,19,3,18,5
0.6074;8,7,10,6,12,4,11,16,1,9,0,17,13,14,2,15,18,3,19,5
0.6084;8,7,10,6,12,0,11,16,1,9,4,17,13,14,5,15,18,3,19,2
0.6094;8,7,10,6,12,0,11,16,1,18,4,17,13,14,3,15,9,5,19,2
0.6104;8,7,10,6,12,0,11,16,1,18,4,17,14,13,9,15,3,5,19,2
0.6114;14,7,10,6,12,0,11,16,1,18,4,17,8,2,9,15,3,5,19,13
0.6124;14,7,10,6,12,11,0,16,1,18,3,17,8,2,9,15,4,5,19,13
0.6134;14,7,10,6,12,11,0,16,1,18,3,17,4,2,9,13,8,5,19,15
0.6144;14,7,10,6,12,11,0,16,1,18,3,17,9,2,4,13,5,8,19,15
0.6154;14,7,10,6,12,11,0,16,1,15,3,17,9,2,4,13,5,19,8,18
0.6164;14,7,10,6,12,11,0,1,16,15,3,17,9,2,5,13,4,19,8,18
0.6174;14,7,10,6,12,11,0,1,19,15,3,17,9,2,5,13,4,16,18,8
0.6184;14,7,10,6,12,8,4,1,19,15,3,17,9,2,5,13,0,16,18,11
0.6194;14,7,10,6,12,8,4,1,19,15,3,17,13,9,5,2,0,16,18,11
0.6204;14,15,10,6,12,8,4,1,3,7,19,17,13,9,5,2,0,16,18,11
0.6214;14,15,10,6,12,19,4,1,3,7,8,17,13,9,5,2,18,16,0,11
0.6224;14,15,10,6,12,19,4,1,3,7,8,17,13,9,5,2,18,0,11,16
0.6234;14,15,6,10,12,13,4,1,3,7,8,17,19,9,5,2,18,0,11,16
0.6244;14,15,6,17,12,13,4,1,0,7,8,10,19,9,5,2,18,3,11,16
0.6254;14,15,6,17,12,13,4,1,0,7,8,10,19,9,18,2,5,3,16,11
0.6264;14,15,6,17,12,13,4,1,7,0,8,10,19,9,18,2,3,5,16,11
0.6274;14,15,6,17,12,13,4,19,7,0,8,10,1,9,18,11,3,5,16,2
0.6284;14,1,3,17,12,13,4,19,7,0,8,10,15,9,18,11,6,5,16,2
0.6294;14,15,3,17,12,13,4,2,7,0,8,10,1,9,18,11,6,5,16,19
0.6304;14,7,3,17,12,13,4,2,15,0,8,10,1,9,18,11,6,5,19,16
0.6314;14,7,9,17,18,13,4,2,15,0,8,10,1,3,12,11,6,5,19,16
0.6324;14,7,9,17,6,13,4,2,15,0,10,8,1,3,12,11,18,5,19,16
0.6334;14,7,9,17,6,13,8,2,15,0,10,4,1,11,12,3,18,5,19,16
0.6344;5,7,9,17,6,13,8,2,15,0,12,4,1,11,10,3,18,14,19,16
0.6354;3,7,9,2,6,13,8,17,15,0,12,4,1,11,10,5,18,14,19,16
0.6364;17,7,16,2,6,13,8,3,15,0,12,4,1,11,10,5,18,14,19,9
0.6374;17,7,16,2,6,13,9,3,15,8,12,4,1,11,10,5,18,14,19,0
0.6384;17,7,16,10,6,13,9,3,15,12,8,4,1,11,2,5,18,14,19,0
0.6394;17,7,16,10,6,13,9,3,14,12,8,4,1,2,11,5,18,15,19,0
0.6404;17,12,18,10,6,13,9,3,14,7,8,4,1,2,11,5,16,15,19,0
0.6414;10,12,18,17,6,13,9,3,14,7,8,4,1,2,11,5,15,16,19,0
0.6424;10,7,18,17,6,13,9,16,14,12,8,4,1,2,11,5,15,3,19,0
0.6434;10,7,18,17,6,13,9,16,14,12,8,4,1,2,11,3,15,0,19,5
0.6444;10,7,8,17,6,13,9,16,0,12,18,4,1,2,11,3,15,14,19,5
0.6454;6,7,8,17,10,13,9,16,0,12,19,4,1,2,11,3,15,14,18,5
0.6464;6,7,8,17,10,13,5,16,0,12,19,4,9,2,11,3,15,14,18,1
0.6474;6,7,8,17,10,13,5,12,0,16,19,4,9,2,11,3,15,14,1,18
0.6484;6,7,8,17,10,2,5,12,0,16,19,4,9,13,11,1,15,14,3,18
0.6494;6,7,8,17,10,2,4,12,0,16,19,5,15,13,11,1,9,14,3,18
0.6503;6,7,8,17,10,2,4,12,0,16,19,5,15,14,11,1,9,13,18,3
0.6513;6,7,8,17,0,2,4,12,10,16,19,5,15,14,11,1,9,13,3,18
0.6523;6,7,8,17,0,2,4,12,10,1,19,5,15,14,11,16,3,13,9,18
0.6533;3,7,8,17,0,2,4,12,10,1,19,5,18,14,11,16,6,13,9,15
0.6543;3,7,8,17,0,2,13,12,10,1,19,6,18,14,11,16,5,4,9,15
0.6553;3,7,8,17,0,2,13,12,10,1,19,6,18,14,11,16,5,15,4,9
0.6563;3,7,8,17,0,2,13,12,10,1,19,6,18,14,11,16,5,4,9,15
0.6573;3,7,13,17,0,2,8,12,10,1,19,6,18,14,11,16,5,4,15,9
0.6583;3,7,13,17,0,2,8,12,10,11,19,4,18,14,1,16,5,6,15,9
0.6593;3,7,13,17,2,0,8,12,10,11,19,4,18,14,1,16,9,6,15,5
0.6603;3,7,13,17,2,0,16,4,10,11,19,12,18,14,1,8,9,6,15,5
0.6613;19,7,13,17,2,0,16,4,10,11,3,12,18,14,1,8,9,5,15,6
0.6623;19,7,13,17,2,0,16,3,10,11,1,12,18,14,4,8,9,5,15,6
0.6633;19,7,13,17,2,0,16,3,10,11,12,1,18,14,4,5,9,8,15,6
0.6643;19,7,13,17,2,0,16,3,14,11,12,1,18,10,4,5,15,8,9,6
0.6653;10,7,13,17,2,0,16,3,14,11,12,8,18,19,4,5,15,1,9,6
0.6663;10,7,13,17,2,14,16,9,0,11,12,8,18,19,4,5,15,1,3,6
0.6673;10,7,13,17,2,14,16,0,9,11,12,8,18,4,19,5,15,1,3,6
0.6683;10,7,13,17,2,14,16,0,9,11,12,8,18,3,19,6,15,1,4,5
0.6693;10,7,13,17,2,14,16,0,3,15,12,8,18,9,19,6,11,1,4,5
0.6703;10,7,13,17,2,14,16,0,3,15,18,8,12,9,6,19,11,1,4,5
0.6713;10,7,13,1,2,4,16,0,3,15,18,8,12,9,6,19,11,17,14,5
0.6723;10,7,15,1,2,4,16,0,3,13,18,8,12,9,6,19,11,5,14,17
0.6733;10,7,0,1,2,4,16,15,3,13,18,8,12,9,5,19,11,6,14,17
0.6743;10,7,4,19,2,0,16,15,3,13,18,8,12,9,5,1,11,6,14,17
0.6753;10,7,4,19,2,0,16,15,3,13,18,8,12,9,5,1,11,17,6,14
0.6763;10,7,4,19,2,14,16,15,3,13,18,8,12,9,5,1,11,0,6,17
0.6773;7,10,1,19,2,14,16,15,3,13,18,8,12,9,5,4,11,0,6,17
0.6783;7,10,1,8,2,14,16,15,3,13,18,19,12,9,5,4,11,0,17,6
0.6793;3,10,1,8,2,14,16,0,7,13,18,19,12,9,5,4,11,15,17,6
0.6803;3,10,1,8,9,14,16,0,11,13,18,19,12,2,5,4,7,15,17,6
0.6813;3,10,1,8,13,14,16,0,11,9,4,19,12,2,5,18,7,15,17,6
0.6823;3,6,1,8,13,14,16,0,11,18,4,19,12,2,5,9,7,15,17,10
0.6833;3,6,1,14,13,8,16,0,11,18,4,19,12,2,10,9,7,15,17,5
0.6843;3,6,16,14,13,8,1,0,11,10,4,19,12,2,18,9,7,15,17,5
0.6853;3,6,16,14,13,1,8,0,11,10,4,19,12,2,18,9,17,15,7,5
0.6863;3,6,2,14,13,1,8,12,11,10,4,19,0,16,18,9,17,15,7,5
0.6873;3,6,2,10,13,1,8,12,11,14,0,19,4,16,18,9,17,15,7,5
0.6883;3,6,2,10,13,1,8,12,11,0,14,19,4,16,18,9,17,15,5,7
0.6893;3,8,2,10,13,1,6,12,11,0,14,19,4,16,17,9,18,15,5,7
0.6903;3,8,11,10,13,1,6,12,2,0,14,5,4,16,17,9,18,15,19,7
0.6913;3,8,6,10,13,1,11,12,2,0,14,5,4,16,17,9,18,19,15,7
0.6923;3,8,6,10,13,1,11,12,2,18,4,5,14,16,17,9,0,19,15,7
0.6933;3,8,6,10,13,1,11,12,2,0,4,5,14,16,18,9,17,19,15,7
0.6943;3,8,6,10,13,9,11,17,2,0,4,5,14,16,18,1,12,19,15,7
0.6953;3,8,6,10,13,9,11,17,2,0,4,5,14,7,18,1,12,16,15,19
0.6963;3,8,6,10,13,9,12,17,2,0,4,5,14,7,18,1,19,16,15,11
0.6973;3,8,6,10,13,14,12,17,2,0,4,5,9,7,18,1,16,19,15,11
0.6983;3,8,6,10,13,14,12,17,0,2,4,5,15,7,18,1,16,19,9,11
0.6993;3,8,6,10,13,12,14,17,0,2,4,5,15,7,18,1,16,9,19,11
0.7003;3,1,6,10,13,12,14,17,0,2,4,5,15,7,16,8,18,9,19,11
0.7013;10,1,6,3,13,12,14,17,0,2,4,5,15,7,16,8,18,19,9,11
0.7023;5,1,6,3,13,12,14,17,0,2,4,10,8,7,16,15,18,19,9,11
0.7033;5,1,6,3,13,12,14,17,0,2,4,8,10,7,19,15,18,16,9,11
0.7043;5,1,9,3,13,12,14,17,0,18,4,8,10,7,19,15,2,16,6,11
0.7053;5,1,9,3,13,12,14,17,0,18,4,15,19,7,10,8,2,16,6,11
0.7063;5,1,9,3,13,12,14,15,0,18,4,17,19,7,8,10,2,16,6,11
0.7073;5,1,12,3,13,9,14,15,10,18,4,17,19,7,8,0,2,16,6,11
0.7083;5,1,12,3,13,9,14,15,10,18,4,17,19,7,8,2,6,16,0,11
0.7093;5,1,12,3,13,9,14,15,10,18,4,17,19,2,8,7,0,16,6,11
0.7103;5,16,12,3,13,9,14,15,10,18,4,7,19,2,8,17,0,1,6,11
0.7113;5,16,12,3,13,9,14,15,10,18,4,7,19,1,8,17,0,2,11,6
0.7123;5,16,12,3,13,9,14,15,10,8,4,7,18,1,19,17,0,2,11,6
0.7133;17,16,12,3,13,9,14,15,10,8,4,0,18,1,19,5,7,2,11,6
0.7143;17,16,12,3,13,9,14,15,10,8,4,0,18,19,1,5,7,2,6,11
0.7153;17,16,12,3,13,9,14,15,7,8,4,0,18,19,1,10,5,2,6,11
0.7163;17,16,12,3,13,9,14,15,7,1,4,0,18,19,8,10,5,2,11,6
0.7173;17,16,12,3,13,5,14,15,7,1,4,0,18,19,8,11,9,2,10,6
0.7183;17,16,12,3,13,5,14,15,7,1,4,19,18,0,8,11,2,9,10,6
0.7193;17,16,12,3,19,5,14,15,7,1,4,13,18,0,8,11,2,9,6,10
0.7203;17,16,7,3,19,5,14,15,12,1,4,13,18,0,8,6,2,9,11,10
0.7213;17,16,7,3,19,5,14,15,12,0,4,18,13,1,8,6,2,9,11,10
0.7223;17,16,7,3,19,5,14,15,12,0,4,18,10,1,11,6,2,9,8,13
0.7233;17,16,7,3,19,5,14,9,12,10,4,18,0,1,11,6,2,15,8,13
0.7243;17,16,7,14,19,5,10,9,12,3,4,18,0,1,11,6,2,15,8,13
0.7253;17,12,7,14,19,5,10,9,16,3,4,1,0,18,11,6,2,15,8,13
0.7263;17,12,7,1,19,5,10,0,16,3,4,14,9,18,11,6,2,15,8,13
0.7273;3,12,7,1,19,5,10,2,16,17,4,14,9,18,11,6,0,15,8,13
0.7283;3,12,7,1,19,5,10,2,16,17,4,14,9,18,8,15,0,6,11,13
0.7293;3,12,7,1,19,5,10,2,14,17,4,16,9,18,8,15,0,6,13,11
0.7303;3,12,7,1,19,5,17,2,14,10,4,16,9,18,11,15,0,6,13,8
0.7313;2,12,7,1,4,5,17,3,14,10,19,16,9,18,11,15,0,6,13,8
0.7323;1,12,7,2,4,5,17,3,14,10,8,16,9,18,11,15,0,6,13,19
0.7333;1,12,7,2,4,5,17,3,14,10,8,16,15,18,11,9,13,6,0,19
0.7343;1,12,7,2,19,5,17,3,14,10,8,0,15,18,11,9,13,6,16,4
0.7353;1,2,7,12,19,5,17,3,14,10,8,0,15,16,11,9,13,6,18,4
0.7363;1,2,7,12,19,3,17,5,14,10,8,0,15,9,11,16,13,6,18,4
0.7373;1,2,7,12,19,3,17,5,14,10,8,0,15,6,4,16,13,9,18,11
0.7383;14,2,12,7,19,3,17,5,1,10,8,0,15,6,4,16,13,9,18,11
0.7393;14,2,12,7,5,11,17,19,1,10,8,0,15,6,4,16,13,9,18,3
0.7403;15,2,12,7,5,11,17,19,1,4,8,0,14,6,10,16,13,9,18,3
0.7413;15,2,12,7,5,11,17,19,1,4,6,0,14,8,10,16,3,9,18,13
0.7423;15,2,12,7,5,11,17,19,1,3,6,13,14,8,10,16,4,9,18,0
0.7433;15,2,12,18,5,11,17,19,1,3,10,13,14,8,6,16,4,9,7,0
0.7443;15,2,12,18,5,11,17,19,1,3,16,13,14,9,6,10,4,8,7,0
0.7453;11,2,12,18,5,15,17,19,1,3,16,13,14,9,6,10,8,4,7,0
0.7463;11,2,12,18,5,15,17,19,1,3,16,14,8,9,6,10,13,4,7,0
0.7473;11,2,12,18,5,15,17,19,1,3,16,14,8,9,13,10,6,7,4,0
0.7483;1,2,12,18,5,15,17,13,11,3,16,14,8,9,19,10,6,7,4,0
0.7493;1,2,12,18,6,15,17,13,11,3,16,14,8,9,19,10,4,7,5,0
0.7502;1,2,12,18,6,15,4,0,11,3,16,14,8,9,19,10,17,7,5,13
0.7512;1,16,12,18,6,15,4,0,11,3,2,14,19,9,8,10,17,7,5,13
0.7522;1,16,12,18,19,10,4,0,11,3,2,14,6,9,8,15,17,7,5,13
0.7532;1,16,15,18,19,10,4,0,11,3,2,14,6,9,8,12,17,7,13,5
0.7542;2,16,9,18,19,10,4,0,11,3,1,14,6,15,8,12,17,7,13,5
0.7552;2,16,9,18,19,5,4,0,11,3,1,14,6,15,8,10,17,7,13,12
0.7562;2,16,9,18,19,5,7,0,11,3,1,14,13,15,8,10,17,4,6,12
0.7572;2,16,9,18,19,5,7,0,11,14,1,3,13,4,8,10,17,15,6,12
0.7582;13,16,9,18,19,5,7,0,11,14,1,3,2,4,8,10,15,17,6,12
0.7592;13,16,9,4,19,5,6,0,11,14,1,3,2,18,8,10,15,17,7,12
0.7602;13,16,9,4,5,19,6,17,11,14,1,3,2,18,8,10,15,0,7,12
0.7612;13,16,9,4,5,19,6,18,11,14,0,3,2,17,8,10,15,1,7,12
0.7622;13,16,2,4,5,19,6,18,11,14,0,3,9,15,8,10,17,1,7,12
0.7632;13,16,2,4,14,19,6,18,11,5,0,3,9,15,8,10,7,1,17,12
0.7642;13,16,2,4,14,19,6,18,11,5,0,3,9,15,8,10,7,12,1,17
0.7652;13,16,2,4,14,19,6,18,11,5,0,3,12,15,17,10,7,9,1,8
0.7662;13,16,2,4,14,19,1,0,11,5,18,3,12,15,17,10,7,9,6,8
0.7672;10,16,2,4,14,19,1,0,8,5,18,3,12,15,17,13,7,9,6,11
0.7682;10,16,2,4,14,19,1,0,8,5,15,3,7,18,17,13,12,9,6,11
0.7692;10,16,2,4,14,19,1,0,3,5,15,8,7,6,17,13,12,9,18,11
0.7702;10,16,2,4,14,19,1,0,3,5,15,8,7,6,17,13,9,12,11,18
0.7712;10,16,1,4,14,17,2,0,3,5,15,8,7,6,19,13,9,12,11,18
0.7722;10,16,17,4,14,1,2,0,3,5,15,8,7,6,19,13,9,11,12,18
0.7732;4,16,17,2,14,1,10,0,3,5,15,8,7,6,19,13,9,11,12,18
0.7742;4,16,10,2,14,1,17,0,8,5,15,3,7,6,19,13,9,11,12,18
0.7752;2,16,10,4,14,1,17,0,11,5,15,3,7,6,19,13,9,8,12,18
0.7762;2,16,10,4,14,1,17,0,11,5,18,3,7,6,19,13,9,12,8,15
0.7772;2,16,10,4,14,7,17,0,11,5,18,3,1,6,12,13,9,19,8,15
0.7782;2,16,10,4,14,7,19,0,11,5,18,17,1,6,12,13,9,3,8,15
0.7792;2,16,10,4,15,7,19,0,11,5,18,17,1,6,12,13,3,9,8,14
0.7802;2,16,10,4,15,7,19,0,11,12,18,1,17,6,5,13,3,9,8,14
0.7812;2,16,18,4,15,7,19,0,11,12,10,1,17,6,5,13,3,8,9,14
0.7822;8,16,18,4,15,7,19,0,11,12,10,1,17,6,14,13,3,2,9,5
0.7832;8,16,18,4,15,7,19,0,9,12,10,1,17,5,14,13,3,2,11,6
0.7842;11,16,18,4,15,7,19,12,9,0,10,1,17,5,14,13,3,2,8,6
0.7852;11,16,18,4,15,7,19,12,9,0,10,1,17,2,14,5,3,13,8,6
0.7862;11,16,18,4,8,7,19,12,9,0,13,1,17,2,14,5,3,10,15,6
0.7872;11,16,18,4,8,7,19,12,6,0,13,1,17,2,14,5,3,9,15,10
0.7882;11,16,18,4,8,7,19,12,13,14,6,1,17,2,0,5,3,9,15,10
0.7892;2,16,18,4,8,7,10,12,13,14,6,1,17,11,0,5,3,9,15,19
0.7902;2,16,18,4,9,7,10,12,13,14,6,1,15,11,0,5,3,8,17,19
0.7912;2,16,18,14,9,7,10,12,13,4,6,1,15,11,0,5,3,17,8,19
0.7922;2,16,18,14,9,7,10,12,13,11,6,1,15,4,8,5,3,17,0,19
0.7932;2,16,18,14,9,7,11,12,13,10,6,1,15,4,8,5,19,17,0,3
0.7942;2,16,18,14,9,10,11,12,13,7,6,8,15,4,1,5,19,17,0,3
0.7952;3,16,18,14,9,10,11,12,13,7,0,8,15,4,1,5,19,17,6,2
0.7962;3,16,8,14,9,10,11,12,13,7,0,4,15,18,1,5,19,17,6,2
0.7972;8,16,3,14,9,10,11,12,13,7,0,4,15,18,1,19,5,17,6,2
0.7982;8,16,3,14,9,10,11,2,13,1,0,4,15,18,7,19,5,17,6,12
0.7992;8,15,3,14,9,10,11,2,13,1,0,4,16,18,7,19,5,17,12,6
0.8002;8,15,3,14,9,10,2,11,13,1,0,4,16,18,7,19,5,17,6,12
0.8012;8,15,3,14,9,10,2,11,0,1,13,4,16,18,7,17,5,19,6,12
0.8022;8,15,3,14,9,10,2,11,12,1,13,4,16,18,7,5,17,19,6,0
0.8032;8,6,3,12,9,10,2,11,14,1,13,4,16,18,7,5,17,19,15,0
0.8042;8,6,3,12,9,10,2,11,14,1,13,15,16,18,7,4,17,19,5,0
0.8052;8,15,3,12,9,10,2,11,14,1,13,6,16,18,7,4,17,19,0,5
0.8062;8,15,3,4,9,10,2,11,14,1,13,16,6,18,7,12,17,19,0,5
0.8072;8,15,3,4,9,10,2,11,14,1,13,16,6,5,7,12,19,17,0,18
0.8082;8,15,3,16,9,10,2,11,14,1,13,17,6,5,7,12,19,4,0,18
0.8092;8,15,3,16,11,10,2,9,14,1,13,17,6,12,7,5,19,4,0,18
0.8102;8,2,5,16,11,10,15,9,14,1,13,17,6,12,7,3,19,4,0,18
0.8112;8,18,5,16,11,15,10,9,14,1,13,17,6,12,7,3,19,4,0,2
0.8122;8,18,5,16,11,15,10,9,14,1,13,17,7,12,2,3,19,4,0,6
0.8132;9,18,5,3,11,15,10,8,14,1,13,17,7,12,2,16,19,4,0,6
0.8142;9,18,0,3,11,15,10,8,14,1,13,17,7,12,2,19,16,4,5,6
0.8152;9,18,3,19,11,15,10,8,14,1,13,17,7,12,2,0,16,4,5,6
0.8162;9,18,3,19,11,12,10,8,14,1,13,17,6,15,2,0,16,4,5,7
0.8172;9,18,3,4,11,12,10,8,14,15,13,17,6,1,2,0,16,19,5,7
0.8182;9,18,3,4,17,12,10,8,14,15,16,11,6,1,2,0,13,19,5,7
0.8192;9,18,7,4,17,12,3,8,14,15,16,11,6,1,2,0,13,19,5,10
0.8202;9,18,7,4,17,12,3,8,14,15,19,11,6,1,13,0,2,16,5,10
0.8212;9,18,19,4,1,12,3,8,14,15,7,11,6,17,13,0,2,16,5,10
0.8222;9,18,19,4,1,12,2,15,14,8,7,11,6,17,13,0,3,16,5,10
0.8232;4,19,18,9,1,12,2,15,14,8,7,11,6,17,13,0,3,16,5,10
0.8242;4,19,18,9,1,12,2,15,0,8,7,11,17,6,13,14,3,16,5,10
0.8252;4,11,18,9,1,10,2,15,0,8,7,19,17,6,13,14,3,16,5,12
0.8262;4,11,12,9,1,10,2,15,0,8,7,19,17,6,13,14,5,16,3,18
0.8272;4,11,13,9,1,10,19,15,0,8,7,2,17,6,12,14,5,16,3,18
0.8282;4,18,13,9,1,10,19,15,0,8,7,2,17,6,12,14,5,16,11,3
0.8292;4,18,11,9,0,10,19,15,1,8,7,2,17,6,12,14,5,16,13,3
0.8302;4,18,11,9,0,17,19,15,1,8,7,3,10,6,12,14,5,16,13,2
0.8312;4,18,11,9,2,17,19,15,1,8,7,3,10,6,12,14,5,0,13,16
0.8322;4,18,11,9,2,17,19,7,1,5,15,3,10,6,12,14,8,0,13,16
0.8332;4,18,11,9,2,17,19,7,1,10,15,3,5,6,13,14,8,0,12,16
0.8342;4,18,7,9,2,17,19,11,1,10,15,3,13,6,5,14,8,0,12,16
0.8352;4,18,7,3,2,17,19,11,1,10,15,9,13,6,5,14,8,16,12,0
0.8362;4,18,7,3,2,1,19,11,17,10,15,9,13,6,5,14,8,16,0,12
0.8372;4,18,7,3,2,1,19,11,17,6,15,9,13,0,5,14,8,16,10,12
0.8382;4,1,7,3,2,18,19,11,17,6,15,9,13,0,5,10,8,16,14,12
0.8392;4,1,7,3,2,18,19,11,17,6,15,9,13,16,5,10,8,14,0,12
0.8402;14,1,7,3,2,18,19,4,17,6,15,9,13,16,5,10,8,11,0,12
0.8412;14,1,7,11,2,18,19,4,17,6,15,9,13,0,5,10,8,3,16,12
0.8422;14,1,11,7,2,0,19,4,17,6,15,9,13,18,5,10,8,3,16,12
0.8432;14,1,11,7,2,0,19,4,17,6,15,9,13,12,5,10,8,18,16,3
0.8442;14,1,10,7,2,0,19,5,17,6,15,9,13,12,4,11,8,18,16,3
0.8452;3,1,10,7,2,0,19,5,17,15,6,9,13,12,4,11,8,18,16,14
0.8462;3,1,10,7,2,0,19,5,9,15,6,17,13,12,4,11,8,18,14,16
0.8472;3,1,10,7,2,0,19,5,9,15,11,17,13,14,4,6,8,18,12,16
0.8482;3,1,10,7,2,0,19,5,9,15,11,17,13,14,4,12,8,18,16,6
0.8492;3,1,10,7,2,0,19,5,9,15,11,17,13,14,6,8,12,18,16,4
0.8501;3,1,10,7,2,0,16,5,9,15,11,17,13,14,6,8,12,19,18,4
0.8511;3,1,10,7,2,0,16,5,9,15,14,17,13,11,6,8,4,19,18,12
0.8521;3,1,10,7,2,0,16,5,9,15,14,19,13,11,6,4,8,17,18,12
0.8531;3,1,10,7,2,0,5,16,9,15,14,19,13,11,6,12,8,17,18,4
0.8541;3,1,10,7,2,0,5,16,9,15,14,19,8,11,6,12,4,17,18,13
0.8551;3,1,10,7,2,0,5,16,9,17,14,19,8,11,6,12,13,15,18,4
0.8561;3,1,9,7,6,0,5,16,10,17,14,19,8,11,2,12,13,15,18,4
0.8571;3,1,9,7,6,0,4,16,10,17,14,5,8,11,2,12,13,15,18,19
0.8581;7,1,9,3,6,0,4,16,10,17,14,5,8,11,2,12,13,19,18,15
0.8591;7,1,9,3,6,0,4,16,10,17,14,5,8,12,2,19,13,11,18,15
0.8601;10,1,9,3,6,0,12,16,7,17,14,5,8,4,2,19,13,11,18,15
0.8611;10,1,18,3,6,0,12,16,7,17,14,5,13,4,2,19,8,11,9,15
0.8621;10,1,18,3,6,0,12,16,7,13,14,5,17,4,2,15,8,11,9,19
0.8631;10,1,18,3,6,7,12,16,0,13,14,5,17,4,2,15,9,11,8,19
0.8641;10,1,18,3,6,5,12,16,0,13,14,2,17,4,7,15,9,11,8,19
0.8651;10,1,18,3,6,5,12,16,0,8,14,2,17,4,7,13,9,11,15,19
0.8661;13,1,18,3,6,5,12,16,0,8,14,19,17,4,7,10,9,11,15,2
0.8671;13,1,18,8,6,5,12,16,15,3,14,19,17,4,7,10,9,11,0,2
0.8681;13,1,18,8,6,5,12,16,15,3,14,7,17,4,19,10,9,0,11,2
0.8691;13,1,18,8,6,5,12,4,15,3,2,7,17,16,19,10,9,0,11,14
0.8701;13,1,18,8,6,5,12,4,15,3,2,7,17,14,10,19,9,0,11,16
0.8711;13,1,18,8,6,5,4,12,15,3,2,7,17,14,0,19,9,10,11,16
0.8721;13,1,18,8,6,5,4,12,14,3,2,7,17,15,0,11,9,10,19,16
0.8731;13,1,18,8,6,5,4,12,14,3,2,10,17,15,0,11,9,7,16,19
0.8741;13,1,18,8,6,5,4,12,14,3,2,10,17,19,0,11,7,9,16,15
0.8751;13,16,18,8,6,5,4,12,14,3,2,10,17,1,0,11,7,9,19,15
0.8761;13,16,18,12,6,4,5,8,14,3,2,10,17,1,0,11,7,9,19,15
0.8771;13,16,18,12,6,4,5,8,14,3,2,9,17,1,19,11,7,10,0,15
0.8781;13,0,18,12,6,4,5,8,17,3,2,9,14,1,19,11,7,10,16,15
0.8791;13,0,18,12,6,4,5,8,2,3,17,9,14,1,19,11,7,10,15,16
0.8801;13,0,18,12,6,4,5,8,2,3,14,9,17,1,7,11,19,10,15,16
0.8811;10,2,18,12,6,4,5,8,0,3,14,9,17,1,7,11,19,13,15,16
0.8821;10,2,12,18,6,4,5,8,0,3,14,9,17,19,7,11,1,13,15,16
0.8831;10,2,12,18,6,4,5,8,0,3,14,11,17,19,7,9,16,13,15,1
0.8841;10,2,12,18,6,4,5,8,0,3,14,11,17,15,7,9,16,13,1,19
0.8851;10,2,12,18,6,0,5,8,4,3,14,11,17,16,7,9,15,13,1,19
0.8861;10,6,12,18,2,0,5,8,4,3,14,11,17,16,1,9,15,13,7,19
0.8871;10,0,12,18,2,6,5,8,4,3,14,11,17,16,13,9,15,1,7,19
0.8881;10,0,12,19,2,6,5,8,4,3,14,11,17,16,13,9,15,1,18,7
0.8891;10,0,12,19,2,6,5,8,4,3,14,11,17,16,13,9,1,7,18,15
0.8901;10,0,11,19,2,6,5,8,13,3,14,12,17,16,4,9,1,7,18,15
0.8911;10,0,8,19,2,4,5,11,13,3,14,12,17,16,6,9,1,7,18,15
0.8921;10,0,8,19,2,9,5,11,13,3,17,12,14,16,6,4,1,7,18,15
0.8931;10,0,8,1,5,9,2,11,13,3,17,12,14,16,6,4,19,7,18,15
0.8941;10,0,8,1,5,7,2,3,13,11,17,12,14,16,6,4,19,9,18,15
0.8951;10,0,8,1,7,5,2,3,13,11,17,12,14,16,6,4,19,9,15,18
0.8961;10,0,8,1,2,5,7,3,13,11,16,12,14,17,6,4,19,9,15,18
0.8971;10,0,18,1,2,5,7,3,13,11,16,14,12,17,6,4,19,9,15,8
0.8981;10,0,18,17,2,5,7,3,13,11,16,14,19,1,6,4,12,9,15,8
0.8991;10,0,8,17,2,5,4,3,13,11,16,14,19,1,6,7,12,9,15,18
0.9001;10,0,8,17,2,5,4,3,13,6,15,14,19,1,11,7,12,9,16,18
0.9011;10,0,8,18,2,5,15,3,13,6,4,14,19,1,11,7,12,9,16,17
0.9021;10,0,8,18,2,5,15,3,16,6,13,14,19,1,11,7,12,9,4,17
0.9031;10,0,8,7,2,5,15,3,16,6,13,17,19,1,11,18,12,9,4,14
0.9041;10,0,8,7,2,5,15,3,18,6,13,4,19,1,11,16,12,9,17,14
0.9051;9,0,8,7,2,5,15,3,18,6,13,4,19,17,11,16,12,10,1,14
0.9061;12,0,8,7,2,5,15,3,18,6,13,4,19,17,1,16,9,10,11,14
0.9071;12,0,8,1,2,5,15,3,11,6,13,4,19,17,7,16,9,10,18,14
0.9081;12,0,8,1,4,5,15,3,11,14,13,2,19,17,7,16,9,10,18,6
0.9091;16,0,8,15,4,5,1,3,11,14,13,2,19,17,7,12,9,10,18,6
0.9101;16,0,8,15,4,5,17,3,11,1,13,2,19,14,7,12,9,10,18,6
0.9111;16,0,15,8,4,5,17,3,11,1,13,2,19,14,7,9,12,10,18,6
0.9121;16,0,15,8,4,19,17,3,11,1,13,2,5,14,7,9,12,18,10,6
0.9131;9,0,15,8,4,5,17,3,11,1,13,2,19,14,7,16,12,18,10,6
0.9141;14,0,10,8,4,5,17,3,11,1,13,2,19,9,7,16,12,18,15,6
0.9151;14,0,10,8,4,5,17,3,11,1,13,2,19,9,7,16,12,15,6,18
0.9161;14,0,10,8,4,5,17,19,11,1,13,16,3,9,7,2,12,15,6,18
0.9171;14,0,10,8,4,5,15,12,11,1,13,16,3,9,7,2,19,17,6,18
0.9181;14,0,10,8,3,5,12,15,11,1,13,16,4,9,7,2,19,17,6,18
0.9191;14,0,10,8,3,5,12,15,11,17,13,16,4,9,7,2,18,1,6,19
0.9201;14,0,10,12,3,5,8,4,11,17,13,16,15,9,7,2,18,1,6,19
0.9211;14,0,10,16,3,5,8,4,11,17,13,18,15,9,7,2,12,1,6,19
0.9221;11,0,10,16,3,13,8,4,14,17,5,18,15,9,7,2,12,1,6,19
0.9231;11,0,13,16,3,10,8,4,14,17,5,18,15,2,7,9,12,1,6,19
0.9241;11,0,13,16,3,10,8,4,14,17,18,5,15,9,7,2,12,1,6,19
0.9251;11,0,13,16,14,10,8,4,3,17,18,5,15,12,7,2,9,1,6,19
0.9261;11,0,13,17,14,10,8,4,3,16,18,5,15,12,7,2,9,1,19,6
0.9271;11,0,18,17,14,10,7,4,3,16,13,5,15,12,8,2,9,1,19,6
0.9281;11,0,18,17,14,10,7,4,3,16,13,15,5,12,8,19,9,1,2,6
0.9291;11,0,18,17,14,10,7,4,3,16,13,15,5,12,8,19,2,1,6,9
0.9301;11,0,18,17,14,10,7,4,3,16,13,15,5,12,8,19,2,9,1,6
0.9311;11,0,18,17,14,10,7,4,13,16,6,15,5,12,8,19,2,9,1,3
0.9321;5,0,18,17,14,10,7,4,13,16,6,15,11,12,8,19,2,9,3,1
0.9331;5,0,8,15,14,10,7,4,13,16,6,17,11,12,18,19,2,9,3,1
0.9341;5,0,8,15,14,10,7,4,13,16,1,2,11,12,18,19,17,9,3,6
0.9351;5,0,8,15,14,10,17,4,13,16,1,2,11,12,18,19,3,9,7,6
0.9361;5,0,19,15,14,10,17,4,13,16,6,2,11,12,18,8,3,9,7,1
0.9371;5,0,19,15,14,10,17,4,2,16,6,13,11,18,12,8,3,9,7,1
0.9381;5,19,0,15,14,10,17,16,2,4,6,13,11,18,12,8,3,9,7,1
0.9391;5,19,0,15,14,7,17,1,2,4,6,13,11,18,12,8,3,9,10,16
0.9401;5,19,13,15,14,7,17,1,2,4,6,0,11,8,12,18,3,9,10,16
0.9411;5,19,13,15,14,7,17,6,2,4,1,0,11,8,9,18,3,12,10,16
0.9421;5,19,13,15,14,7,17,6,2,4,1,0,12,8,9,16,3,11,10,18
0.9431;5,19,13,15,14,12,17,6,2,4,10,0,7,8,9,16,3,11,1,18
0.9441;13,19,5,15,14,12,17,6,2,4,10,0,7,8,1,16,3,11,9,18
0.9451;13,19,5,15,14,12,17,4,2,6,10,0,18,8,1,16,3,11,9,7
0.9461;13,19,5,8,14,12,17,4,2,6,10,0,7,15,1,16,3,11,9,18
0.9471;13,19,5,8,14,12,17,4,0,6,10,16,7,15,1,2,3,11,9,18
0.9481;13,19,5,8,14,12,17,4,0,6,10,16,1,15,18,2,3,11,9,7
0.9491;13,19,5,8,14,12,17,4,0,6,10,2,1,15,18,11,3,16,9,7
0.95;13,19,5,8,14,1,17,4,0,6,10,2,12,18,15,11,3,16,9,7
0.951;13,19,5,8,1,14,17,4,0,6,10,2,12,18,7,11,3,16,9,15
0.952;3,19,5,8,1,14,17,4,0,6,10,2,12,18,9,11,13,16,7,15
0.953;3,19,5,8,1,14,17,18,0,6,10,2,12,7,9,11,13,16,4,15
0.954;3,19,5,8,1,14,17,18,10,0,6,2,12,7,9,11,13,16,4,15
0.955;3,19,5,8,1,14,17,18,10,0,6,2,12,15,9,11,13,16,7,4
0.956;3,19,5,8,1,14,17,18,11,0,6,2,12,10,9,15,13,16,7,4
0.957;3,19,18,8,13,14,17,5,11,0,6,2,12,10,9,15,1,16,7,4
0.958;3,19,18,8,13,14,17,5,11,0,6,2,9,15,12,10,1,16,7,4
0.959;3,19,18,8,13,5,17,14,4,0,6,2,9,15,12,10,1,16,7,11
0.96;3,19,18,8,13,5,17,14,4,0,6,16,9,15,12,1,10,2,7,11
0.961;14,19,18,8,13,5,17,3,4,0,15,16,9,6,12,1,10,2,7,11
0.962;14,19,18,8,13,5,17,3,4,0,15,16,9,7,1,12,10,2,6,11
0.963;14,19,18,8,13,5,17,3,4,0,15,16,1,7,9,6,10,2,12,11
0.964;11,19,18,8,13,5,17,3,4,0,15,6,1,7,9,16,10,2,12,14
0.965;11,19,18,8,13,5,17,3,4,0,15,6,1,7,9,12,10,16,2,14
0.966;1,19,18,8,13,5,17,3,4,10,15,6,11,7,9,12,0,16,2,14
0.967;1,19,18,8,13,5,17,3,4,15,10,6,11,2,9,12,0,16,7,14
0.968;1,19,4,8,13,5,17,3,18,15,10,6,11,2,9,14,0,16,7,12
0.969;1,19,4,11,13,5,17,3,18,15,10,8,6,2,9,14,0,16,7,12
0.97;1,19,5,11,2,4,17,3,18,15,10,8,6,13,9,14,0,16,7,12
0.971;1,19,5,8,16,4,17,3,18,15,10,11,6,13,9,14,0,2,7,12
0.972;1,5,19,8,16,4,17,3,18,15,10,11,6,13,9,14,0,2,12,7
0.973;1,5,19,8,16,4,6,2,18,15,10,11,17,13,9,14,0,3,12,7
0.974;1,5,19,8,16,6,4,2,18,15,10,11,14,13,9,17,0,3,12,7
0.975;1,5,19,0,16,6,4,2,18,15,10,8,14,13,9,17,11,3,12,7
0.976;1,5,19,6,16,0,12,2,18,15,10,8,14,13,9,17,11,3,4,7
0.977;2,5,19,6,16,0,12,1,18,7,10,8,14,13,9,17,11,3,4,15
0.978;2,5,19,17,16,0,12,1,18,7,10,8,14,13,9,3,11,6,4,15
0.979;2,5,19,3,16,0,12,1,18,7,10,8,14,15,9,17,11,6,4,13
0.98;2,5,19,3,16,0,12,1,18,7,10,4,14,15,6,17,11,9,8,13
0.981;2,5,19,10,16,0,12,1,11,7,3,4,14,15,6,17,18,9,8,13
0.982;2,5,19,10,16,0,12,1,11,7,3,14,9,15,6,17,18,4,8,13
0.983;2,5,19,10,16,0,12,1,11,9,3,14,7,15,6,4,18,17,8,13
0.984;2,5,19,10,16,0,12,1,11,9,3,14,7,8,6,4,18,17,13,15
0.985;2,5,19,10,3,0,12,1,11,9,16,13,7,8,6,4,18,17,14,15
0.986;6,5,19,10,3,0,12,1,11,9,16,13,7,8,2,4,18,17,15,14
0.987;6,5,19,10,3,0,12,16,15,9,1,13,7,8,2,4,18,17,11,14
0.988;6,5,19,4,3,0,12,16,15,9,1,13,7,14,2,10,18,17,11,8
0.989;6,5,19,4,3,0,12,16,15,9,1,14,7,13,2,17,18,10,11,8
0.99;6,5,19,13,3,0,12,16,7,9,1,14,15,4,2,17,18,10,11,8
0.991;6,5,19,12,3,0,13,16,7,1,9,14,15,4,2,17,18,10,11,8
0.992;6,5,19,12,3,0,13,16,7,1,9,14,15,8,2,18,17,10,11,4
0.993;14,5,19,12,3,0,13,16,7,8,9,6,15,1,2,18,17,10,11,4
0.994;14,5,19,12,3,0,13,16,7,8,4,6,15,1,2,18,11,10,17,9
0.995;14,5,19,12,10,0,13,16,7,8,4,6,15,1,17,18,11,3,2,9
0.996;14,5,19,12,10,0,13,16,9,8,4,6,15,1,17,18,11,3,7,2
0.997;18,5,10,12,19,0,13,16,9,8,4,6,15,1,17,14,11,3,7,2
0.998;18,12,10,5,19,0,13,16,9,8,4,6,1,15,17,14,11,3,7,2
0.999;18,12,10,5,19,0,2,16,9,8,4,7,1,15,17,14,11,3,6,13
